001367896548158722
001387896548162330
001407896548160459
001497795300739356
001637896548158937
001657896548158883
001717896548158944
001747896548158821
001897792086057902
004287798008270145
004357798008270237
004657798008270435
006617795320010510
010187795353566824
012887795380042155
015747791864000154
015757791864000437
015987791864000253
015997791864000444
016127795356924508
020427798009274555
020477798009274258
020487798009274265
020507798009274289
020517798009274876
022167795306391107
022207795306390636
022567791824117427
024697798012550769
025677795380004016
027527792234892140
027847795320018912
027867896548159040
032327795315000021
033857896548158951
035347798018170015
036097798084685147
037317798017281873
038837795380004283
038957792234892126
039957795356924607
041047792374280463
041297795312108171
043887798081260880
046357790440527719
046377790440527726
050477795312000321
050707896382700712
053607798011830343
053627798011830350
053857795356955502
060987792098000217
063357798008270084
064227798008270411
066567792412000145
066727795312000505
067197795319051647
069457798084685130
070617798012550295
070637798012550288
070647798012550318
072737896548158784
072837795337903522
072877795317000425
075267795320018318
075377792371047816
075447792371051318
076507795345120867
078997795345120577
079227792371047625
079307795345121130
079777795352003498
081417795345120898
081427795345120874
081437795345120904
082687795362054107
082697795362054138
082937896116862044
083057795320006513
083177795320007817
084657791824111265
086797795312108188
087347798083950581
089257798009274838
089587795353908648
091087798011830213
091137796930005316
092437792499220306
092457795381001076
092587790440116722
092867795353566817
093337794066000021
095607795354000068
095617795354000075
096917794640407925
097227795351139655
097237795351139662
098997795350022262
100617795356907600
100627795356907709
100637795356907808
105297795317000593
106597795346110232
107977795350002646
108727896548135075
108737896548135099
109877798012550011
109887798012550028
109897798012550035
111487896548158715
114797795317000388
114807795317000395
116437795353909676
116447795353909799
117869002864053520
119357896548158876
120547792234892157
120857798009274661
121057792412000282
121257792098000132
125567793397050132
126347795309002550
126357896548158906
126567798058930648
129507798009274845
130887798009274784
132877795337907582
134327795312000413
135287798012550202
135337798002630068
135347798009272711
136077796035000025
136087796035000032
136287798122690058
136427792175005531
137967793081045901
138357795360001394
138957795317000029
139037795317000470
139167798011651979
139637795356924454
139727790440068229
140567795362054084
141927795309002536
142527795317000845
142657798008271647
144037795332001537
145357795356000035
146387798092890052
147307798009272742
149757896548158807
149767896548135112
149797798009278621
149807798009278614
149817798009278683
149837798009276498
149887792371033109
151207794640408076
151287795354250005
151297795354260004
151307795354270003
152507803510374479
153417792412000961
158020795332001537
163927792371058430
165517792690010157
165527795381410502
165967795356000097
165977795356000103
165997795356000134
166037798002630143
166327790440066829
172507795317000906
173967795306377552
176027795346140307
178837792069005739
178847792069951029
182897791864300223
183337792412000862
185377790440528013
186597896548136461
186937798012550905
186947798012550929
189617791864300247
190667798011750221
190677793569001368
190717798017285079
196807798009272780
196817791824117557
199297798084684188
199307798084684195
201057790375250119
205057792690011833
205067792690011840
205628470006692424
205997791848252012
206127795356997328
211437792086416365
212547798017286168
212627798017286182
213197798012551070
213207798012551087
213667792412001159
216447798035833153
216467798035833177
216477798035833184
217117795315000595
217127795315000601
218077795315000618
219037798023940092
219427792098362384
219607798017285109
219627798017285147
220857798009272506
220867798002630464
221997798009278737
222007798009278836
222497798012551155
223057798023940139
224087794066000663
224627792412000350
225987795304085695
225997795304085718
226007795304085701
226017795304085725
229067798122340014
230005016003656507
230015016003654404
230037798017289237
230987896548162583
231017795315000632
233207798009272681
233247795380042674
233457792371058720
234817792412000879
234837792219690372
235377795315000663
236380358914801443
237437798017282641
237447798017281378
237827795304806054
237834048846008510
239377798011830251
239717798017280333
240327798009273077
240667795317001156
243467798017282405
246607795354820116
247097795362054169
247107795362054152
248237797991144334
249487798011750658
249507798017285772
249527798011751549
256177798017284256
257157792412001173
257477798129410284
259107792371010810
259157795378002031
259167798378002048
259187795378001997
259217795378002024
259857798009272537
260087792219690679
260177798004150342
261407795380042315
263047792499696606
263087795380003880
263757795380003934
264877790440531242
267013534510004601
267023534510004618
267097795320050653
268067798081260644
268087798081260651
268177798017281965
268197798017284959
268207798017284966
268297792499470107
268317792499698501
268897798017280906
269087798017284409
270277795362001286
270467798084684454
270847798021440662
270967798009279604
273367795300739554
273377795300739561
273577795317001224
273587795317000180
273597795317000203
273830300086810020
273840300086810013
274547798017283204
276777798017281248
276797798017283075
278757798017284997
278767798017284980
280947795345120553
281367792690000417
282077792499221709
282087792499221808
282097792499221907
282107792499222003
282117792499223000
282197501201400406
285987798017281231
285997793569003294
286767790440116821
287483433422402461
287537798067995553
287627796285050221
289877795380004504
291117792690011857
291797798017281385
291807798017281392
292224015630056422
292234015630056262
294327798081260637
295553499320003834
295617795380042001
297097790273403044
297807795317003778
298567795317002290
300650000078902121
302117792219911354
302837792499696705
303237795373015814
303497795356007812
304857798007802125
305937798017280814
306307795320050899
307437795320050905
307647896548193570
310207798021295507
314187798017281675
314737798017280807
315017795317002252
315027795317002269
315037795317004294
315157795347972563
315217798016920605
315947795335007697
318337798058931331
318437795345121000
318947798009279680
319797795304866638
319807795304866539
320687795305091114
322397798084682085
323197798017289282
325347795378002826
326787798009279796
328857798017284263
330147798058931362
330717798058930242
331427798084684508
333207796363001787
334907798017281194
336548470007176862
337707795305963367
337717795305963374
339357792499696804
339467798019490594
340067795356998974
340767795345013459
342997798075400339
343007798075400322
345397792819505021
345487793397080115
346527792183001433
346537792183001440
352997791848375018
353617798094762821
353637798058931355
355207896548196540
357527790440280928
358097795362054213
358107798084684096
358117795362054237
359317792219911682
360717798017285154
361567791848379016
363187896548196595
363817616100342914
364017795362054077
364727795317000289
366367798017289305
367917798075400506
368027791848381019
369137795347972396
369277798011752195
369287798011752188
370797798095413616
372197798122340090
373207794066000632
373747795349169534
376337795305963541
377037795378003335
378897798122340137
378907798122340144
379157795347971955
379787798075400575
380887798034740254
381207792499806005
381497798021296685
381867798084840164
382047791848345025
383558712400685719
383717795335010154
386777798075400636
387264005500074236
388297790440679913
388517798067996208
388567798067995942
388937791848386014
390567795380002791
392677798009279529
393477798124760285
395087795317004560
395097795317004577
402347797041851568
402537798017286267
402547798017281293
403707792499696101
403827795336292423
407187792175008679
407247798034748281
407404015630980505
407414015630980512
410397791848387011
411087798081260828
412897798017281859
412907798017281866
413837798017284720
413987798017282535
414007798017283686
414027798017282672
414037798017286281
414047798017286298
414107798017282634
414117798017281903
414127798017282477
414137793569001702
414167798017289268
414177798017286533
414187798017282528
414197798017282603
414217798017282658
414237798017281828
414297798017286229
414307798017286236
414317798008271944
415387791848388018
415397791848388025
415717798011752287
417177795317004720
417187795317004737
417197795317004775
417207795317004768
417227795317004812
417237795317004850
419837798017286311
420507798075400629
422327896116862136
422337798075400773
422977798075400766
424147795317004980
424627798017284652
426237792499696002
428507795360000643
429437798067990183
431847798017289015
431857798017286441
433177798017286625
433277795317005017
433287795317005024
433687795362054282
433697795362054299
433707795362054305
437837795305000048
438097791848384508
439067798011752324
442097798006301834
442107798006301841
443347795317005055
443357795317005062
444307798017287172
444447798075400858
444567798017287271
445317798017286595
447747798017286427
447757798017286434
448417798075400469
448547790440116739
449557795317001415
449567795317001422
453087798017280135
453097798017200010
453527798017287189
454227798017287882
459130050001251910
459150050001251908
459170050001251911
459180050001251909
460227798067995959
461817795356000684
462257898941911126
462637798011250371
465517794066000267
468017798017401134
471387798067990312
471397798067990275
471407798067990282
471627798167580093
473238712400712972
473897798017200959
474657795376002507
480827798011830510
483795016533646290
485497795376001159
487647798084683662
487657795362000036
489827792183001457
493853041090040542
494048712400686853
