00005010038800376000040.005           000880004400009
0015801001270190500010                000010000500002
0025801003070088500004                000010009000009
0026402005400063700040                000010002500009
0059401000530662400054500             000030000500002
0060303000530662400054500             000030000500002
0124301000530662400054250             000030000500002
01258010028704342000542.21            000030000500002
01260010028704342000160.221           000880004800002
0127101000420894000054100             000030000500002
0127401005950894800054100/1.5         000030000500002
0127503005950894800054100/1.5         000030000500002
0128201005880862000054250/80          000030000500002
0128303005880862000054250/80          000030000500002
0128901001020076500054100             000030000500002
0133601001270060400010                000010004300002
01350010018801406000164               000140003500002
013510100188014060001010              000050004300002
013900200053030580005450              000030000500002
013910100053030580000325              000140002800003
0139503000530306600054100             001100000500002
0141001004260928500054                000010000500002
014640100227005080004854.2/0.31       000880005200002
0227606000040583600003300             000140001300005
0227706000040583600003300             000140001200005
024920100003003840002716.7/16.7       000880003500009
0257401000370311400054100/100         000030000500002
02586010038800376000040.05            000880004600009
02587010038800376000040.1             000880004600009
02588010038800376000040.2             000880004600009
0260901003940010000004                000010004600009
02789010064202808000413.75            000030000500003
02917030005303050000041.16            000880004100009
0326701000370311400054100/50          000030000500002
03974010011904866000541               000030000500002
03975010011904866000545               000030000500002
0420103000370313800054100             000030000500002
043220100090038080001550              000460000500014
045540100119048660005410              000030000500002
045550100119048660000350              000140001300003
045560100119048660000350              000140002800003
0456601000580604200010100             000050004800002
0456701000580604200054500             000030000500002
04573010001005582000042               000880004700009
045860100128018510005475              000030000500002
045870300128018510005475              000030000500002
04591010003805940000542               000030000500002
0459805000100553600002100             000030000500002
045990100128018510005425              000030000500002
0486703005621049600054                000010000500002
04959010051703330000105               000020004300002
0516003000420894000054100             000030000500002
05487010017502004000100.05            000050002100002
054900100027070380005430              000030000500002
054910100027070380001625              000140004800002
05496010004101972000540.5             000030000500002
05497030004101972000540.5             000030000500002
055150100433075400005420              000030000500002
055160500433075400005420              000030000500002
055170100433075400000320              000030000500003
057430100568075480005410/350          000030000500002
0667501000040583600002500             000030000500002
0667706000040583600003300             000140001200005
0696002005170722800054500             000030000500002
0775201000100553600002100             000030000500002
0821301001020076500054300             001100000500002
082580300568075480005410/350          000030000500002
082680100658055280005410              000030000500002
082690100658055280005420              000030000500002
0828201005400063700040                000010002100009
0873001004680111600023                000010009100009
0935901006100718800054200/150         000030000500002
0936003006100718800054200/150         000030000500002
0940401005400063700004                000010005800009
0940605005400063700004                000010008300009
0956001007060025200004                000010005800009
0956103007060025200012                000010003600009
096210100066069900000220              000030000500002
096220200066069900000220              000030000500002
101610100053030580005450              000030000500002
1016201000530306600054100             001100000500002
1016301005621049600054                000010000500002
1060401000040065400054500             000030000500002
1060502000040065400054500             000030000500002
1066501000100423000054100             000030000500002
109300100430063950005450/40.4         000030000500002
1110501005690004000054400             000030000500002
1110603005690004000054400             000030000500002
1110701005690004000005400             000030000500008
1110803005690004000005400             000030000500008
111900100027003060005410              000030000500002
111910300027003060005410              000030000500002
1145601008260119500010                000010006200002
1161701002270016400054                000010000500002
116570100015009520005450              000030000500002
11659010004106992000548               000030000500002
116640100523005350001015              000050007200002
11665010054800037000545               000030000500002
11671010032804732000545               000030000500002
11672030032804732000545               000030000500002
117090100433056300005420              000030000500002
117100100433056300000330              000140001300005
1174601000100423000054200             000030000500002
11834010001006322000102               000880006100002
119370100322003480000450              000500004400009
119610100433056300005410              000030000500002
119620300433056300005420              000030000500002
1196303000100423000054200             000030000500002
11964010010100708000021000            000030000500002
12126010038800376000040.025           000880004400009
122830100558042620005410              000030000500002
122840300558042620005410              000030000500002
125290100229067760005460              000030000500002
125300300229067760005460              000030000500002
125900100649064680005410              001100000500002
125910100649064680005430              001100000500002
125920100649064680005460              001100000500002
1259301006490646800054100             001100000500002
12612010006900050000360.1/0.15        000880002500009
129900100090038080001525              000460000500014
13145010067600554000541               000030000500002
13147010067600554000543               000030000500002
13148030067600554000543               000030000500002
131640100101000680005410              000030000500002
13179010048300237000021000            000030000500002
13312010005303050000041.16            000880005800009
13418010002800241000541               000030000500002
13419030002800241000541               000030000500002
1354101005360092400054                000010000500002
1364201003960005100054                000010000500002
13925010041300728000031               000140001500004
145890100052003060005410              000030000500002
146020100101000680005420              000030000500002
1482201000060048000040                000010009500009
149070100185043470005420              000030000500002
14999010067600554000542               000030000500002
15000030067600554000542               000030000500002
1505801002870067000039                000010005100009
1505903002870067000039                000010009100009
1506001002870434200039                000010005100009
15128010038801024000040.01            000020004500009
15129010038801024000040.025           000020004500009
15130010038801024000040.05            000020004500009
15138010005900643000545               000030000500002
152140100101000680005440              000030000500002
15385030048300237000021000            000030000500002
1548201000040065400054750             000030000500002
15483010043307540000041               000020004400009
1548401006710136200054                000010000500002
155510100090038080001525              000460000500014
155520100090038080001550              000460000500014
16231010002800241000545               000030000500002
16232030002800241000545               000030000500002
1626101005880068000054500/25          000030000500002
1626203005880068000054500/25          000030000500002
1636401000100423000054150             000030000500002
1636502000100423000054150             000030000500002
16369010018400155000542               000030000500002
16370010018400155000545               000030000500002
163710100184001550005410              000030000500002
1671301008260119500010                000010010900002
1712501002870067000036                000010002500009
171280100066069900000220              000030000500002
1736501000040024400054500             000030000500002
1736701000040024400010200             000050003500002
174420100229067760005430              000030000500002
174430300229067760005430              000030000500002
1758301000040024400054500             000030000500002
17912010051500648000545               000030000500002
179140100515006480005410              000030000500002
1799201008260077600010                000010005500002
18080010072802332000360.6             000880002500009
1815703000060048000004                000010008300009
18230010017502004000540.02            000030000500002
182990100430063950005475/40.4         000030000500002
185170100433009970005415              000030000500002
185180500433009970005415              000030000500002
1873303000040024400054500             000030000500002
1873403000040024400010200             000050004800002
18973010017508182000240.5             000880001900010
189900100371010730005450              000030000500002
189910300371010730005450              000030000500002
1899201003710107300054100             000030000500002
1899303003710107300054100             000030000500002
191140100066069900000210              000030000500002
191260300433056300000330              000140001200005
192800100102011310005410              000030000500002
197600100406010950005425              000030000500002
197610100406010950005450              000030000500002
1976201004060109500054100             000030000500002
1988903003970110000054400/95          000030000500002
199160200185002450005450              000030000500002
19978010001006322000272               000880007100009
2006101003670111600026                000010003600009
2006201004680111600012                000010003600009
20093010056803070000041.45/0.34       000880005800009
203540200433009970005415              000030000500002
2049101001430112800054250/125         000030000500002
2066101005690004000054500             000030000500002
206810500185002450005450              000030000500002
2068301005180111600040                000010003600009
207430100021011410005410              001100000500002
207440100021011410005420              001100000500002
207450100021011410005440              001100000500002
208500100101000680005410              000030000500002
210210100511009660005430/100          000030000500002
210220300511009660005430/100          000030000500002
21152010067600554000544               000030000500002
21153030067600554000101               000140002100002
2115401000040116500054500             000030000500002
21196030072802332000360.6             000880004900009
21690010022701195000173860            000030000500002
21691030022701195000173860            000030000500002
2174201000100553600002100             000030000500002
2177001001260103000002                000010000500001
2187005005400063700040                000010012500009
21989010046507396000545               000030000500002
220350100433030410005450/500          000030000500002
220360300433030410005450/500          000030000500002
2211703000040024400054500             000030000500002
221650100457012130005425              000030000500002
221680200457012130005450              000030000500002
221690500457012130005450              000030000500002
2217101004570121300054100             000030000500002
2217202004570121300054100             000030000500002
22207010067600554000101               000140004800002
223690100102011310005410              000030000500002
223700100102011310005420              000030000500002
22374010027901027000020.4             001100000500002
2251401005560658400009                000010001900007
226530100433011730005450/50           000030000500002
226540300433011730005450/50           000030000500002
226930100028002410005410              000030000500002
226940300028002410005410              000030000500002
229670100102011310005420              000030000500002
23094020054800037000545               000030000500002
23095050054800037000545               000030000500002
23211010007902036000040.05            000880004500009
23213010007902036000270.05            000880007100009
2348301001850132800054150             001100000500002
2352605000100423000054150             000030000500002
2423601000060048000004                000010013500009
2424801000061050100004                000010013500009
2424901000061050100004                000010011500009
2428201002110025600054150             000030000500002
2428301002110025600054300             000030000500002
2428403002110025600054300             000030000500002
244360100101011310005410              000030000500002
244380100101011310005420              000030000500002
24660010038801024000040.1             000020004500009
2491303001810202000007100             000030000500011
252940300694101490000430              000880005100009
253670100433056300005410              001120000500030
253690200433056300005410              001120000500030
25423010067600554000540.25            000030000500002
25424010067600554000540.5             000030000500002
25493020051707228000541000            000030000500002
25494050051707228000541000            000030000500002
256650100406010950000215              000030000500002
256660100406010950000225              000030000500002
257000100010055360001010              000140002300002
2626001004680111600004                000010003600009
264610100052003060005410              000030000500002
264650100079011820000450              000900004700009
26472010029901403000540.5             000030000500002
26474010029901403000541               000030000500002
26475030029901403000541               000030000500002
26476010029901403000542               000030000500002
26477030029901403000542               000030000500002
26587010007410018000045.8/0.5         000880004500008
26679010029901427000544               000030000500002
26680010029901427000548               000030000500002
26682010053901071000540.5             000030000500002
26683030053901071000540.5             000030000500002
268750100185002450005425              000030000500002
2687603001850132800054150             001100000500002
270270100642028080004111.25           000030000500003
2704001000040024400054500             000030000500002
27041010051500648000545               000030000500002
270420100515006480005410              000030000500002
270460300180035280005410              000030000500002
27060010067600554000541               000030000500002
27061030067600554000541               000030000500002
27062010067600554000542               000030000500002
27063030067600554000542               000030000500002
27064010067600554000543               000030000500002
27065030067600554000543               000030000500002
27069010011201450000545               000030000500002
27070030011201450000545               000030000500002
27073010003000303000481500            000030000500002
27076010005901071000542               000030000500002
271730100299100160005430              000030000500002
27210010075101483000544               000030000500002
272130100751014830005412              000030000500002
278450100299100160005415              000030000500002
278480100299100160005445              000030000500002
27849010005901071000541               000030000500002
2785701000061050100027                000010002300009
278730100119048660001610              000140004800002
2815501006930634000007100/400/5/45/15 000030000500011
2828102000420894000054300             001100000500002
2832101000660803200054300             000030000500002
28492010053502092000540.5             000030000500002
28493010053502092000542               000030000500002
28659010011904866000035               000140001300005
2892801000680049900054500/400         000970000500002
289430100101011310005440              000030000500002
2899802000100553600002100             000030000500002
290280300185010640005430              000030000500002
291320300340010310005410              000030000500002
29508010000400654000541000            000030000500002
29732010060303066000045               000880005800009
301580500457012130005425              000030000500002
301590400457012130005450              000030000500002
3016005004570121300054100             000030000500002
302170100353030660000325              000140002800003
3048101001810202000007100             000030000500011
30539010077406880000040.20            000880004700009
30965010067600554000541               000030000500002
30966010067600554000542               000030000500002
30967010067600554000543               000030000500002
31206010025902332000040.12            000880005100009
31737010053502092000540.25            001120000500030
3173801000301019800002400/475         000030000500002
3173903000301019800002400/475         000030000500002
3175701003970110000054400/95          000030000500002
31760010051707228000541000            000030000500002
31896010018001334000022.5/10          000030000500002
31897010018001334000025/10            000030000500002
32239010064205732000037.5             000030000500018
323990100003002170004515              000880034100009
3251701000361020300015150/20          000460000500014
325200100676005540000325              000030000500003
325210100676005540000337.5            000030000500003
325520100066069900000240              000030000500002
3263001000370021800054300             000030000500002
3263101000370021800054100             000030000500002
3263301000370021800054600             000030000500002
327740100406010950005425              000030000500002
327750100406010950005450              000030000500002
3277601004060109500054100             000030000500002
32777030067600554000541               000030000500002
32778030067600554000542               000030000500002
32779030067600554000543               000030000500002
331340100065020760001012.5/2          000050003700002
3313901006180331500054450/50          000030000500002
33150010003010198000481200/1500       000030000500002
33193010005510023000032               000140001500004
3321703000040024400054500             000030000500002
33442010002800241000165               000140001500002
334500400457012130005450              000030000500002
3357501006710136200054                000010000500002
3367501000420894000054200             000030000500002
3385601000281022000054                000010000500002
3385903000281022000054                000010000500002
338810300231012840005475              000030000500002
3388201000040116500054500             000030000500002
3388601002290677600054120             001100000500002
339030100249006930005850              000230000800007
3422701000040067600054500/125         000030000500002
3422803000040067600054500/125         000030000500002
3422901000040067600054875/125         000030000500002
34244030010100708000021000            000030000500002
34302010053502092000541               000030000500002
34303010067600554000540.5             000030000500002
343050300185000470005412.5            001100000500002
343070100185000470005425              001100000500002
343080100185000470005437.5            001100000500002
34309010049208580000041               000880001600014
3436801000420894000054300             001100000500002
3443205004060109500054100             000030000500002
3445703000370021800054300             000030000500002
3446605000040697400054200             000030000500002
3446701000040697400054400             000030000500002
34525010028704342000360.2             000880002400009
350570200457012130005450              000030000500002
350580500457012130005450              000030000500002
350590400457012130005450              000030000500002
351140100021107640005437.5/325        000030000500002
35188010002805033000541               000030000500002
35189030002805033000541               000030000500002
352560100694101490000430              000880004500009
35621010018003528000545               000030000500002
3566401006931029800007100/400         000030000500011
3576901005830230800058                000010001500007
357700100179009680003910              000880003500009
3577105000040065400054500             000030000500002
358090100433056300005410              001120000500002
358100100433056300005410              000030000500002
358110100433056300005420              000030000500002
358120300433056300005420              000030000500002
3585404000420894000054200             000030000500002
3585505000420894000054300             001100000500002
359030100180010400005480              000030000500002
359040300180010400005480              000030000500002
3590501001800104000054160             000030000500002
3593101008010136200054                000010000500002
3615003000040196900054500             000030000500002
3615101000040196900054500             001100000500002
3615203000040196900054500             001100000500002
36202010003601300000541.5             000030000500002
362920100055013650000220              000030000500002
3629301000550136500002100             000030000500002
3629401000550136500002250             000030000500002
365120100786102040005410              000030000500002
366030100102103070005410/10           000030000500002
366040300102103070005410/10           000030000500002
366050100102103070005420/10           000030000500002
36613010067600554000540.5             000030000500002
3673502000040024400054500             000030000500002
368610300676102210005410              000030000500002
368630100676102210005415              000030000500002
3687401000061050100004                000010003600009
3687501000061050100004                000010003600009
3687601000061050100004                000010003600009
370330100101000680005420              000030000500002
37101010081110334000024500            000120000500002
37102030081110334000024500            000120000500002
371320100694101490000430              000880004500009
371330300694101490000430              000880005100009
3724301004330518400054600             000030000500002
3724402004330518400054600             000030000500002
373440100102102830005410/10           000030000500002
373450100102102830005410/20           000030000500002
373460100102102830005410/40           000030000500002
3735101006760125100054100             000030000500002
3735201006760125100054200             000030000500002
37353010003610184000543/0.03          000030000500002
373620100102102830005410/10           000030000500002
373630100102102830005410/20           000030000500002
373640100102102830005410/40           000030000500002
37380010075101483000028               001100000500002
373810100751014830000216              001100000500002
37440030005900643000545               000030000500002
3744101000530306600054100             000030000500002
3744203000530306600054100             000030000500002
37468010051501594000546.25            000030000500002
374690100515015940005412.5            000030000500002
374700100515015940005425              000030000500002
378040200676012510005425              000030000500002
378100100036046310005420/75           000040000500002
380820100021004450001525              000720000500014
380830100021004450001550              000720000500014
380850100396103640005415/4            000030000500002
380860300396103640005415/4            000030000500002
3808701000040116500054750             000030000500002
3817501000040065400054875             000030000500002
382120100694101490000430              000880006100009
382130100694101490000430              000880006100009
38236010003610184000543/0.03          000030000500002
3825201007841004500054150             000030000500002
3827401008111033400016                000010010700002
38370010051501594000543.125           000030000500002
3838401000310134600024200             000230000800010
38802010003610184000543/0.02          000030000500002
3882001000061050100040                000010002500009
389240100694101490000649.8            000060004500001
391460100340010310005410              000030000500002
3937701000061050100004                000010047200009
3954101008261043600041                000010000500002
3955301007841004500054150             000030000500002
3955403007841004500054150             000030000500002
3955501002870067000036                000010003600009
3955603002870067000036                000010004900009
3955701003690067000039                000010011500009
3956003003601043700002                000010000500002
3956101003601043700002                000010000500002
3961201005690004000054500             000030000500002
3961303005690004000054500             000030000500002
39788010003000303000481500            000030000500002
3980201008261045700041                000010000500002
39992010003610184000543/0.02          000030000500002
4000403007841004500054150             000030000500002
400140100102103070005410/10           000030000500002
400150100102103070005420/10           000030000500002
40373010003010198000481200/1500       000030000500002
4037401007841039900054                000010000500002
4058001006250634000007                000010000500011
4058103006250634000007                000010000500011
4058201006160626600054500             000030000500002
4058303006160626600054500             000030000500002
406430300101011310005410              000030000500002
4064401000370313800054100             000030000500002
4068501000550139400054500             000030000500002
4116601000061050100046                000010016900009
4127901002270093800017                000010000500002
412860300406010950005425              000030000500002
412870300406010950005450              000030000500002
4128803004060109500054100             000030000500002
4149101005170722800054650             000030000500002
415300100534100470001035              000050002100002
415310100180007310005450              000030000500002
4153201001800073100054100             000030000500002
415400100356002850005450/12.5         000030000500002
4154101003560028500054100/25          000030000500002
4163603001850024500054100             000030000500002
416860100028105230000320              000140001400003
41787010067610529000543               001100000500002
41788010067610529000546               001100000500002
418650300021107640005437.5/325        000030000500002
41976030081110334000549000            000120000500002
4207703000040116500054500             000030000500002
420790100036100760005475              000040000500002
421080100396030700000250/4            000030000500002
422660100090038080001514              000460000500014
422670100102103070005410/10           000030000500002
422680100102103070005420/10           000030000500002
42275010018010087000545               000030000500002
42376010006200947000121               000020002300009
42472010003610184000543/0.02          000030000500002
42632010003010803000481500/15         000030000500002
42633030003010803000481500/15         000030000500002
42663010063200700000042               000880004700009
42664010063204462000042               000880004700009
4311901005690004000054500             000030000500002
4312003005690004000054500             000030000500002
4312101005690004000054800             000030000500002
4312203005690004000054800             000030000500002
432870100356011850005480/12.5         000030000500002
4328801003560118500054160/12.5        000030000500002
43331010053901071000540.5             000030000500002
43332030053901071000540.5             000030000500002
4334101000421063100054200/120         000030000500002
433700100021007790001520              000030000500009
434050100515015940005450              000030000500002
4347501000550136500002140             000030000500002
4347601000550136500002180             000030000500002
43482010003600964000542/0.035         000030000500002
4369202000420742000054100             000030000500002
4369305000420742000054100             000030000500002
43726010085510657000542.5             000030000500002
43727030085510657000542.5             000030000500002
437870100356049620005450              000030000500002
43789010040310184000543/0.02          000030000500002
43795030027901027000020.4             001100000500002
4379904000100423000054150             000030000500002
4382101008031066400054125             000030000500002
440770100062055820001210              000030005600009
4421201000420742000054100             000030000500002
4435301001021080600002200             000030000500002
444760100406103360000275              000030000500002
444770300406103360000275              000030000500002
4447801004061033600002150             000030000500002
446520100102103070005410/10           000030000500002
446530100102103070005420/10           000030000500002
44688010086900241000541               000030000500002
44689030086900241000541               000030000500002
44690010086900241000545               000030000500002
44691030086900241000545               000030000500002
4469201000040116500054500             000030000500002
4469303000040116500054500             000030000500002
4469401000040116500054750             000030000500002
44720010081110334000549000            000120000500002
4489801000040065400054875             000030000500002
44951010005900891000540.25            000030000500002
44952030005900891000540.25            000030000500002
44953010005900891000541               000030000500002
44954030005900891000541               000030000500002
45008010018010087000542.5             000030000500002
450090100180100870005410              000030000500002
451630100872107740005430              000030000500002
451640300872107740005430              000030000500002
453170100340010310005420              000030000500002
454480500676012510005425              000030000500002
4544903006760125100054100             000030000500002
4545203006760125100054200             000030000500002
45460010009003840000070.5             000030000500011
457070300101102350005410              000030000500002
457080500066100500005440              000030000500002
45825010039000041000540.2             000030000500002
458260100390000410005810              000230001400007
459020300055013650000220              000030000500002
4590503000550136500002100             000030000500002
4590603000550136500002140             000030000500002
459080100101102350005410              000030000500002
459090100101102350005420              000030000500002
4600201002320036800003500             000030000500004
4600303005690004000054500             000030000500002
4600601002110025600002250             000030000500002
46167010018001334000545/20            000030000500002
461680100102011310005440              000030000500002
4618301000470136200010                000010002100002
4631101001801032300054160/5           000030000500002
4631201001801032300054160/10          000030000500002
4632101006760125100054300             000030000500002
4639201000040196900054500             000030000500002
463930100066100500005420              000030000500002
463940500066100500005420              000030000500002
463950100066100500005440              000030000500002
464460100406108050005450              000030000500002
4644701004061080500054100             000030000500002
46477010039000041000540.1             000030000500002
465270100353030660005475              000030000500002
4653011004330213200054125             000030000500002
467500100803106640005462.5            000030000500002
4675101008031066400054125             000030000500002
467530100055108500005420              000030000500002
467540100055108500005450              000030000500002
467550100055108500005470              000030000500002
4675601000551085000054100             000030000500002
4675803000551085200054100             000030000500002
46759010010810851000545               000030000500002
467600100108108510005410              000030000500002
467610100108108510005415              000030000500002
467620100108108510005425              000030000500002
4677501000301019800002400/500         000030000500002
4677602000301019800002400/500         000030000500002
4703701001750058600024100/50          000230000800010
470570100055108640000320              000030000500004
470580300055108640000320              000030000500004
47089010056900040000171               000880000500008
47090010056900040000171500            000030000500001
47091010056901346000172               000030000500008
471030200112104790005450              000030000500002
471040500112104790005450              000030000500002
4710701002991060300054500/15          000030000500002
4710901002991060300054850/15          000030000500002
47209010072802332000240.12            000880004000009
47236010034600419000021000            000030000500002
4736101008771080300002750/7.5         000030000500002
4736203008771080300002750/7.5         000030000500002
4737301000681035700054150/1260/400    000010000500002
47374030087710803000481500/15         000030011700002
47375010087710803000481500/15         000030011700002
4737601004061080500054150             000030000500002
4737701004061080500054200             000030000500002
473780100891108810005430              000030000500002
473790100891108810005430              000030000500002
4750401000491088300003250             000040001400004
4764801005240067200054875/60          000030000500002
4768101005690004000005500             000030000500008
47752010018010507000545/50            000030000500002
47753010018010507000545/100           000030000500002
477590100112104790005450              000030000500002
47789030034600419000021000            000030000500002
4781501000910126200041                000010000500016
47828010003610788000542/0.03          000030000500002
4783101002110025600010250             000050003600002
47886010026510514000040.1/2.5         000880006000009
4790803005690004000017500             000030000500001
479870501015001480005418              001100000500002
479880301015001480005436              001100000500002
479890201015001480005454              001100000500002
48011010056610861000020.5/0.4         000030000500002
480890100052003060000210              000030000500002
48120010007901182000540.6             000030000500002
48121010007901182000541.2             000030000500002
48122010007910754000160.6             000140004800002
4816803006180331500054450/50          000030000500002
4822802002270093800017                000010000500002
4824401000061050100004                000010003600009
4824601000061055200004                000010005800009
483200100433030660005475              000030000500002
483210300433030660005475              000030000500002
484350100642057320000345              000030000500018
48505010056900040000051               000060000500008
485770100108109340003020              000140000500006
487640100265055120000210              000030000500002
487650100265055120000220              000030000500002
487660100265055120000240              000030000500002
489270100676012510005450              000030000500002
4892801006760125100054200             000030000500002
4892901006760125100054300             000030000500002
4893001006760125100054400             000030000500002
4905401002311038800003250             000030000500003
49059010003610915000543/0.03/0.451    000030000500002
49060010003610915000543/0.02/0.451    000030000500002
4911202002110025600054500             000030000500002
4912001006180331500054450/50          000030000500002
4912102006180331500054450/50          000030000500002
4912205006180331500054450/50          000030000500002
4912401001801042100054160/12.5/5      000030000500002
4912501001801042100054160/12.5/10     000030000500002
491530100406103360000250              000030000500002
4915401004061033600002100             000030000500002
49155020053502092000540.5             000030000500002
49156020053502092000541               000030000500002
49157020053502092000542               000030000500002
492340100021088400005450              000030000500002
492350300021088400005450              000030000500002
49272010053810289000040.1/0.1/2       000880004500009
4930204005400063700004                000010013500009
4940201003280610700054500             000030000500002
49421010005510980000035               000140001900004
494270200066006660005440              000030000500002
494280500066006660005440              000030000500002
494290200066006660005420              000030000500002
494300400066006660005420              000030000500002
4952401000041048400054200             000030000500002
4952503000041048400054200             000030000500002
4962301000061050100004                000010011500009
4962401000061050100027                000010006600009
4962501000061050100027                000010028400009
4963501000041048400054550             000030000500002
4963602000041048400054550             000030000500002
4963705000041048400054550             000030000500002
4966801001270060400054                000010000500002
4967301001820038800054600             000030000500002
4967403001820038800054600             000030000500002
4979101000560023200054200             000030000500002
4991601002650021300027                000010029700009
4996201000211076400054325/37.5        000030000500002
4996302000211076400054325/37.5        000030000500002
499750200433030410005450/500          000030000500002
499760100433030410005450/50           000030000500002
4998001000210023200002200             000030000500002
500140100857106690005425              000030000500002
500160100857106690005450              000030000500002
501930100102103070005440/10           000030000500002
502430100158001310000320              000040000500004
5024501001800104000054320             000030000500002
502670100102011310005440              000030000500002
5036603001270060400010                000010002300002
5036802001730081200054500             000030000500002
5036904001730081200054500             000030000500002
5047605002270093800017                000010000500002
5048701000080331500048                000010000500002
50488010003610938000542.5/1.5         000030000500002
504960100433110370005460              000030000500002
5053201007100921800022100000          001200001200002
5059001005800016500027                000010006600009
509410100066100500000220              000030000500002
509420300066100500000220              000030000500002
509430100066100500000240              000030000500002
509440300066100500000240              000030000500002
512190300328047560005460              000030000500002
512200100328047560005460              000030000500002
5129101000551085200054100             000030000500002
5129201000551093000054200             000030000500002
5129301000551093000054400             000030000500002
512940100314110750000240              000030000500002
5129501000101107600003100             000030000500004
512960100010110760000350              000030000500004
5145901003280610700054850             000030000500002
5152401003460088200054                000010000500002
5152502003460088200054                000010000500002
515660100090037840000460              000900012200014
5164901000061050100004                000010006600009
5165001000061050100004                000010013500009
5165101000061050100004                000010005600009
5165201000061050100046                000010016900009
5165301000061050100046                000010047200009
516540100676105290003075              000030000500003
516550100676105290003050              000030000500003
5165601006761052900030100             000030000500003
5165701006761052900030150             000030000500003
516620100406103360000225              000030000500002
51688010017508182000240.5             000240001900010
516890100495017870005415              000030000500002
51726050011904866000162               000140004800002
5177001001801042100054320/25/10       000030000500002
5177101001801032300054320/5           000030000500002
5177201006180331500054900/100         000030000500002
5188101003281111300054100             000030000500002
5188201003281111300054300             000030000500002
519160300188014060001010              000050002300002
51917030006500536000107.5/5/0.9       000050002300002
519640101032111230005410              000030000500002
519650301032111230005410              000030000500002
5197501006100718800054200/80          000030000500002
5197801000040809600010100             000050002400002
5197901004330518400010100             000050003700002
5198006000040809600003600             000030002400004
5206401001180014600054600             000030000500002
5206503001180014600054600             000030000500002
5207701009011093200054267             000030000500002
52129010001510867000020.5             000030000500002
52217010056610374000020.5             000030000500002
5221801001020076500002200             000030000500002
522470100021088400001650              000140001900002
522480100021088400000350              000140001300017
5227801003231115200054100             000030000500002
522800100180111530005410              000030000500002
52332050053502092000540.5             000030000500002
52333030053502092000541               000030000500002
52337050053502092000542               000030000500002
5244601000460045600054300             000030000500002
524470100896102110005420              000030000500002
52448010018010865000545/12.5          000030000500002
5244901000811028500003                000010002800009
5245001004221062800027                000010004000009
5245102004221062800027                000010004300009
5245205004221062800027                000010005400009
5245304004221062800027                000010013900009
5245401004221062800027                000010004000009
5245505004221062800027                000010005400009
5245604004221062800027                000010005400009
52457010042200103000270.6/0.1         000240003500009
52458010042200498000270.15/0.1        000240003500009
5245901004220031500027                000010005400009
524600100676005540000325              000030000500003
524610100676005540000337.5            000030000500003
5246202004221062800027                000010004300009
