00608050023100260000309500            000450007000006
01339050023100260000309500            000450006800006
018990300021056300005420              000030000500002
022400100185052480000275              000030000500002
0536001001800613800054250             000030000500002
0536201001800613800054500             000030000500002
0542201003121014100030                000010003100018
061810100019066080000350              000140001300003
06193010009003840000041000            000500004700011
0619801004920858000003250             000140001300003
064900100185007510005410              000030000500002
064910100185007510005420              000030000500002
064920100185007510005440              000030000500002
06599010025708716000080.25            000880001400009
06600010023501804000081               000900001400009
06601010002702652000084               000880001500009
06602010025708716000080.5             000880001400009
06606010052608796000080.3             000880001400009
0661301006170431000008                000010001400009
06634010052602148000080.5             000020001500009
06642010052604611000080.3             000020001500009
06644010039700149000083/1.5           000140001400009
0841201000900384000007500             000040000500011
091080300015009520005450              000030000500002
093650100235023080000810              000880001400009
096160100021056300005410              000030000500002
096170100021056300005420              000030000500002
0969401005880880500008                000010001400009
1004901005260215600008                000010001400009
1010901005880289800008                000010001400009
10610010023500458000085/0.5           000880001400009
11234010007900786000545               000030000500002
1154001002581018000008                000010001400009
1305301003730283300008100             000900001400009
131730100053075400005420              000030000500002
14099010061705630000085               000140001400009
14352010035000324000082.5/0.5         000880001400009
14924050023100260000309500            000450009400006
1492901005260215600019                000010001600009
15062050023100260000309500            000450006700006
15306010009003840000541000            000040000500002
1717501000290063200054200             000030000500002
1717603000290063200054200             000030000500002
1718701004330518400054400             000030000500002
1718803004330518400054400             000030000500002
1719003000040065400054500             000030000500002
17192030000400654000541000            000030000500002
1719401000660803200054150             000030000500002
1719503000660803200054150             000030000500002
1719601000660803200054300             000030000500002
17492010058808804000080.3/0.1         000880001400009
191700100229067760005430              000030000500002
191710300229067760005430              000030000500002
1918101000040196900054500             000030000500002
19327010027900391000545               000030000500002
19370010017508182000240.5             000880001900010
1937901005240067200054500/30          000030000500002
19577010052608796000190.3             000880001600009
19942010025700022000082               000880001400009
211120100433030660005450              000030000500002
211140100433030660005475              000030000500002
211150300433030660005475              000030000500002
2111701004330306600054100             001100000500002
2111901000040189200054500             000030000500002
213080100041062260005410              000030000500002
21309010004106226000165               000140001900002
220420100101000680005410              000030000500002
22087010003805940000542               000030000500002
2210301003980829800008                000010001500009
22474010039800073000190.2             000880004600009
23286010018700488000540.5             000030000500002
23287030018700488000540.5             000030000500002
23288010018700488000541               000030000500002
23290030018700488000541               000030000500002
232910100180007310005450              000030000500002
23292010018700488000542               000030000500002
2329401000040024400054500             000030000500002
236020100350010840000850              000220002600009
239370100015009520005450              000030000500002
24823110002601401000030.25            000140002400004
24868010025701101000080.2             000880001400009
250850100477006740000850              000900008900009
25086010025701249000082/0.5           000880001400009
253980100021056300005410              001120000500030
27057010037301473000085               000140001400009
27453010055507860000080.5             000880001500009
2904201002580080400008                000010001400009
30480010052606974000080.3             000880001400009
31060010056600391000545               000030000500002
31061020053502092000542               000030000500002
31064020053502092000540.5             000030000500002
31160010039800199000084               000140001500009
31161010035010093000080.05/5          000140002600009
31844010052603606000190.5             000880000800009
31986010052608796000080.3             000880001400009
31989010058808804000190.3/0.1         000880005700009
321210100180008960005450              000030000500002
321220300180008960005450              000030000500002
32252010025710055000080.04            000140002800009
3263601003730283300008100             000900001500009
32673010032801012000544               000030000500002
32674030032801012000544               000030000500002
32791010039800199000082               000140001500009
330310100457012130005450              000030000500002
330320200457012130005450              000030000500002
331350100421064420005420              000030000500002
331360300421064420005420              000030000500002
331370100421064420005440              000030000500002
332300100101000680005420              000030000500002
336160300068000200005470              000030000500002
336720100314002830005450              000030000500002
34396010005500209000541               000030000500002
347160100350010840000850              000220002600009
34777010030804780000106.67            001050002300002
35139010018000648000545               000030000500002
351400100180006480005410              000030000500002
35327010003400304000544               000030000500002
353280100102011310005410              000030000500002
353290300102011310005410              000030000500002
353300100102011310005420              000030000500002
353310300102011310005420              000030000500002
3564803000040879600003300             000050000500010
356550100180007310005450              000030000500002
3578501002580215600008                000010001400009
3646401004631031300002                000010000500002
3665701003280610700054500             000030000500002
3665802003280610700054500             000030000500002
3665905003280610700054500             000030000500002
3666001003280610700054850             001100000500002
3666102003280610700054850             001100000500002
3666205003280610700054850             001100000500002
36698010047700174000080.5             000140001400009
36837050053502092000540.5             000030000500002
36838050053502092000542               000030000500002
3685701003280610700054500             000030000500002
3685803003280610700054500             000030000500002
3685901003280610700054850             001100000500002
3686003003280610700054850             001100000500002
3704901002580215600008                000010001400009
37051010052601892000080.3             000020001400009
3745801000830020200002                000010000500002
3745901000830020200002                000010000500002
3746001000830020200002                000010000500002
3832001003980829800008                000010001500009
38321010025701249000082/0.5           000880001400009
38372010058810379000080.5/0.3         000880001400009
38712010058810178000190.3/0.1         000880005700009
38713010052608796000080.3             000880001400009
3920406000040253200003100             000030000500005
3924703000040024400054500             000030000500002
392720100457012130005450              000030000500002
392730100457012130005450              000030000500002
394050500457012130005450              000030000500002
395500100068000200005470              000030000500002
397190100066069900000220              000030000500002
397200300066069900000220              000030000500002
398110100457012130005450              000030000500002
3981401004570121300054100             000030000500002
3982101000040065400010250             000050003700002
3982201000040065400010500             000050003700002
399870100543014220005410/250          000030000500002
3998801000560037800054                000010000500002
40085010061710471000080.09            000880001400009
4021301005170662400054220             000030000500002
40256010005501169000542.5             000030000500002
40364010003601300000541.5             000030000500002
404120100180035280005420              000030000500002
404160300180035280005420              000030000500002
40626010018003528000545               000030000500002
40627030018003528000545               000030000500002
406280100180035280005410              000030000500002
40723010023200394000190.15            000020001600009
4095505000181062400044                000010049100002
412390300457012130005450              000030000500002
41657010050601225000080.025/0.1       000900001500009
4172003000310069300024250             000230000800010
4172201000311066500024125/25          000230000800010
4172301000311066500024250/25          000230000800010
41783010035010093000080.05/5          000140002600009
42060010052600244000081               000880002600009
4246601000160135700054                000010000500002
4246701007841039900054                000010000500002
42470010039810583000190.2             000880004600009
4261801005170662400054550             000030000500002
4263501000200015600018                000010000500001
4263601000201050000031                000010000500001
42924010058808804000080.3/0.1         000880001400009
43367010037301473000080.2             000020001400009
44942010039800103000191.5             000880001600009
4524701000040067600054875/125         000030000500002
45532010051501594000546.25            000030000500002
455330100515015940005412.5            000030000500002
455340100515015940005425              000030000500002
45559010039800199000082               000140001500009
462050300457012130005450              000030000500002
462060300457012130005450              000030000500002
462280100055005850005450              000030000500002
462290100055008860000330              000030000500004
4623001000550088600003100             000030000500004
4623201000550088600003150             000030000500004
4623301000550088600003300             000030000500004
4623401000550139400054500             000030000500002
46241010053502092000540.5             000030000500002
46242030053502092000540.5             000030000500002
46243010053502092000542               000030000500002
46244030053502092000542               000030000500002
462450100568030700005450/4            000030000500002
46342010058510825000080.3/0.1         000020001400009
464640100299100160005430              000030000500002
46784010025710362000080.2/0.5         000880001400009
46812010011800315000037               000020000500010
46813030011800315000037               000020000500010
47727010047701168000080.1             000880001400009
47768010010801820000080.1             000880001400009
4808203001800613800054500             000030000500002
4812601003981077000008                000010001500009
4821101007111050000042                000010000500001
4821201007111050000042                000010000500001
4833501007841004500054150             000030000500002
486140100041062260005410              001120000500030
48738010052601435000080.5             000880001400009
48741020023100260000309500            000450007000006
48742020023100260000309500            000450006700006
48743020023100260000309500            000450006800006
48744020023100260000309500            000450009400006
4888501004030578800054150/30          000040000500002
490610100055109590000320              000030000500001
49191010047710957000081.5             000020001400009
4920001004570121300054100             000030000500002
50022010037311015000190.05            000020001400009
5004601000040167600054500             000030000500002
500470100231012840005475              000030000500002
5021901004081050000042                000010000500001
5048605007841004500054150             000030000500002
505400100102102350005410              000030000500002
5081501000200015600031                000010000500001
5081601000200015600018                000010000500001
508810100180010400005480              000030000500002
508820300180010400005480              000030000500002
5088301001800104000054160             000030000500002
5088403001800104000054160             000030000500002
50969010050608628000080.06            000880003800009
511510100102102350005420              000030000500002
5132601001260049300003100             000140001400001
51484030039800199000082               000140003500009
514850300350010840000850              000220002800009
51486010035010093000080.05/5          000140002800009
51489010047701168000080.1             000880008900009
51607010018401027000020.4             001100000500002
5162801003981062200008                000010001500009
5164001001260049300003100             000140001400001
516740100229059240005480/0.8          000030000500002
516750300229059240005480/0.8          000030000500002
5213301007111050000042                000010000500001
5213401007111050000042                000010000500001
5213501007111050000042                000010000500001
52279010000401676000541000            000030000500002
524320100030108460000225/750          000030000500002
524330100041062260005410              000030000500002
524340300041062260005410              000030000500002
52435010010211143000545/10            000030000500002
524360100102111430005410/10           000030000500002
524370100102111430005420/10           000030000500002
5243801004121073200004                000010006100009
5243901004121073200004                000010006100009
5244001004121073200004                000010004000009
