01381010007306402000032               000140001800004
0180401005761017200003                000010000500004
0180501005761017200003                000010000500004
0213502000830718000054                000010000500002
0213605000830718000054                000010000500002
021390100433069980005450/40           000030000500002
0214201005470622700054                000010000500002
0214801000470007100054                000010000500002
02155010022707392000544               000030000500002
02156010022707392000167.5             000140003500002
0216401000670009100054                000010000500002
0216503000670009100054                000010000500002
0216901005100090000054                000010000500002
0217101005610017800054                000010000500002
0313901000840011800027                000010004800002
0314003000840011800027                000010002400002
0314101002270016200010                000010004800002
0314203002270016200010                000010002400002
0315201000250829700010                000010015100002
0315303000250829700010                000010005200002
0316201000940049700010                000010007200016
0316302000940049700010                000010003600016
0316405000940049700010                000010004900016
0316504000940049700010                000010008700016
0316601000940049700010                000010007200016
0316702000940049700010                000010003600016
0316805000940049700010                000010004900016
0316904000940049700010                000010008700016
04710010023100309000040.1             000880004400009
0555703005610267400054200             000030000500002
0557501006460051400054                000010000500002
0770001000750724400010                000010002100002
0796001004260033900022                000010000500002
0796301000160928500010                000010002300002
10880010018702978000545               000030000500002
108810100187029780005410              000030000500002
11100010005200024000542               000030000500002
12258010018700488000540.5             000030000500002
12259010018700488000541               000030000500002
1256201004760025400003                000010001300001
13085010032906386000272               000880002100009
13402050018700488000540.5             000030000500002
13403050018700488000541               000030000500002
13432010009600840000041/0.125         000880004400009
1371001004760025400003                000010002800001
1455902001370063700004                000010004100009
1494401000240827800054250             000030000500002
149930100588012140000450/100          000900004700009
164220100053011820000450              000900004700009
19676020018700488000540.5             000030000500002
19677020018700488000541               000030000500002
19738010005500886000036               000140001400004
19740010005500886000036               000140002000004
20144020005500886000036               000140001400004
20312010003805940000542               000030000500002
216640100346007540005450              000040000500002
21668010003000303000481500            000030000500002
22508010055105002000542.5             000030000500002
2253301005610267400054200             000030000500002
237350100185002450005450              000030000500002
2373601001850024500054100             000030000500002
239720100012054240002710              000880004000009
24095010005500886000036               000140024100004
24677010005500886000036               000140002400004
2484301005180040200027                000010003600009
2484602005180040200027                000010004900009
255270100055001340000320              000140001400004
2664701000280411800016125             000140001900002
26881010024601169000542.5             000030000500002
2808201000940049700010                000010003600002
2808303000940049700010                000010004900002
2836801002070026400054                000010000500002
29536010002803664000032000            000080000500020
29537010002803664000034000            000080000500020
3045901005011013100009200             000900003500007
30767010001006322000042               000880004700009
3076801000100632200007400             000030000500011
3094001003460928500054                000010000500002
3107101005760261200003500             000080000500004
31072010057602612000031000            000080000500004
3107301005760115500003600             000080000500004
31074010057601155000031200            000080000500004
3107601004720001200003500             000080000500004
3163201000100632200041                000010000500011
3178401003460001100054                000010000500002
3211903002360908200004                000010005100009
3219701004730025300003500             000120001500004
3294401006250634000041                000010000500011
33067010023200746000105               000050002500002
330800100660017580005410              000030000500002
33114010053810289000040.1/0.1/2       000880004500009
334780100028036640000310000           000080000500020
3389402003460928500054                000010000500002
339530100012054240002710              000880004000009
3404201005180113000040                000010002500009
3404301005180040200027                000010003600009
3404403005180040200027                000010004900009
3417401004330518400054600             000030000500002
344850100073003860000350              000030000500004
344860300073003860000350              000030000500004
34954030001006322000042               000880004400009
3503901002370025700004                000010005100011
3547101003270455600003200             000450001400003
3557501002360128200004                000010009000011
359170100012054240002710              000880004000009
363940100055017880005450              000030000500002
37461010020402770000270.02/2.4        000880004300009
37462010020402770000120.02/2.4        000880004300009
37481010056000502000202               000880001500009
3801401006410073900004                000010002400009
3801501006290072200004                000010002400009
3801601006290072200004                000010002400009
3801701006290072200004                000010002400009
3801801006290072200004                000010002400009
3801901006290072200004                000010002400009
3802201000810115700012                000010004100009
380360100028101730000320              000140001400004
3814201006250634000007200/250/5       000030000500011
3814303006160626600007500             000030000500011
3817701003460928500048                000010000500002
3837903006941014900045                000010006100001
3894601002921040300040                000010002500009
3894701006411040300004                000010007100009
3942001006941014900045                000010004500001
3956303006941014900045                000010006100001
3993201006290073900004                000010003500009
3993301004121050100046                000010011700009
4009701002231023100004                000010005100009
401920100101011310005410              000030000500002
401930100101011310005420              000030000500002
4038701006160626600054500             000030000500002
4038803006160626600054500             000030000500002
4063201003460075400054200             000040000500002
406330100185031060005450              000030000500002
4101805001370063700004                000010008300009
4104005003460928500054                000010000500002
41163010023200368000045               000020001600009
41185030003000303000481500            000030000500002
4134901003461029200016                000010004000002
4145901006941014900045                000010004500001
4146605005180040200027                000010020400009
4146801000780530400030300             000040001200005
414970100180035280005410              000030000500002
4160601000470136200054                000010000500002
4168101003460928500048                000010000500002
42080010078410046000034               000030000500004
4222401000251032000054                000010000500002
424740100052003060005410              000030000500002
426290100515006480005410              000030000500002
4281703000930109000004                000010005100009
42851010013309035000045               000880002400009
4285201002601059600004                000010002500009
4285301002651059600004                000010007100009
429410100232010350001010              000140002500002
4332501000930109000004                000010004400009
4334301002041043400027                000010007200009
4340601007960073900004                000010002400009
4340801002700065700046                000010001500009
4349601002041043400041                000010007200009
4368201000280411800010                000010005500002
4389003005380122200004                000010004500009
4399701002531050100004                000010002500009
4400201002531050100006                000010004600009
4400901002531050100004                000010002500009
4405601002421068100004                000010007200009
444070100055013650000220              000030000500002
444080100055013650000220              000030000500002
4440901000550136500002100             000030000500002
4441001000550136500002250             000030000500002
4452301003270532000003                000010000100001
4453403005611072100016                000010004300002
4453501005611072100016                000010007100002
4461501006291058100004                000010005100009
4462101004710043200003                000010002400004
4485801006410073900027                000010002500009
4485901006290073900004                000010010400009
4535901006291063000041                000010000500009
4553701002531050100004                000010002400009
4553801004121007000040                000010002500009
4553901004120133900027                000010002500009
4554001004120115000004                000010002100009
4555701003461079100016                000010004000002
4574601004121063000046                000010000500002
4589601006710037700054500/6           000030000500002
4599403003650074900027                000010004000009
4602501006410073900004                000010002400009
46274030001200905000270.2/0.5         000880004000009
46275030001200905000270.2/0.5         000880004800009
46276030001200905000270.1/0.5         000880004000009
465140100232013290005420              000140005400002
465180100188014060001010              000050004300002
46588010088800315000037               000020006700010
4667201005250021300027                000010003600009
4667301005250021300012                000010002500009
4667401005250021300012                000010004900009
4672803006410073900027                000010012500009
46748010052301318000108               000050004300002
46749010052301318000104               000050003700002
4682301001810074900027                000010004400009
4682401001811076800021                000010000500009
4703601006710136200054                000010002100002
4713103008590423000054150             000030000500002
4717001000551029700054400             000030000500002
4719201002531050100004                000010002400009
4719301002531050100004                000010002500009
4719401002531050100004                000010002400009
4722401000551028800003500             000030000500004
4722501000551028800003100             000030000500004
4725701005180062100004                000010006100009
4727003000040692000054400             000030000500002
47282010076100789000122               000880004300009
4728301001370063700004                000010008300009
474520100066006660005420              000030000500002
474530100066006660005440              000030000500002
47466010007805320000035               000060002400004
474670100078053200000310              000060002100004
474680100078053200000320              000060002500004
4762801006410004900004                000010005100009
4762901006290063700004                000010004100009
4763001002231012800004                000010008300009
477950100293034340005410              000030000500002
478130100181107520000470              000020021100009
47970010005500886000036               000140002000004
47971010005500886000036               000140002400004
47990010078410046000034               000030000500004
4809101003461029200016                000010004000002
4809201003461029200016                000010004000002
4812401000811053300027                000010010700009
481640100055108500005420              000030000500002
481650100055108500005450              000030000500002
481660100055108500005470              000030000500002
4816701000551085000054100             000030000500002
4817301002230075800004                000010008300009
4821901005621049600054                000010000500002
48274010047200254000031               000060000500004
4839701002531050100027                000010002500009
4839801002531050100027                000010002500009
4845101005180062100027                000010004300009
484850100055108630000325              000030000500005
4848601000551086300003100             000030000500005
4849301009011093200054200             000030000500002
4852201002231012800004                000010005300009
4873601006410073900004                000010002400009
4873701006410073900004                000010002400009
487550100204102050002720              000880004300009
48761010032705320000031               000510001400003
48762010032705320000031               000510001500003
48763010032705320000031               000510001900003
4880601004121094600004                000010002400009
4880701006410073900004                000010002400009
488930300181107520000470              000020003600009
4898601005340055100010                000010004300002
4901801002180456400003500/75          000990000500018
4914601002531050100004                000010002400009
4914801002531050100004                000010002500009
4919701002231012800004                000010002500009
4928601003461097500054                000010000500002
494900100406103360000275              000030000500002
494910400406103360000275              000030000500002
4949201004061033600002150             000030000500002
495540100108108510005410              000030000500002
495550100108108510005425              000030000500002
49559010034610279000101250            000030000500002
49560030034610279000101250            000030000500002
49598010010810851000545               000030000500002
4959903009011093200054200             000030000500002
49618010001000318000278               000880055000009
49667010007510099000102/0.50          000060002100002
497470100803106640005462.5            000030000500002
4974801008031066400054125             000030000500002
4976703003461099700054250             000030000500002
50015010032201223000044               000500004400009
5023701006290063700004                000010008300009
5024701006411058100004                000010005800009
5026001006790006900054                000010000500002
50261010054900502000042               000020004700009
5032701006290063700004                000010004100009
503540100101102350005410              000030000500002
503550100101102350005420              000030000500002
5040301001330903500004                000010004800009
5043501005761107700003250             000080000500004
5049001002041043400027                000010000100009
50596010068411042000040.5             000350004400009
50645010100210856000540.5             000030000500002
5064601002531050100004                000010002500009
508100100102011310005440              000030000500002
5081801003461099700054250             000030000500002
5091701003650074900027                000010005500009
5094511001810074900027                000010004400009
510090100185002450005450              000030000500002
5101001001850024500054100             000030000500002
5110901001551050100004                000010002400009
5111001000811050100004                000010002400009
51163010023801425000542.5             000030000500002
51164010023801425000545               000030000500002
511650100238014250005410              000030000500002
5125701003461107400002                000010000500002
5152901000230602600054                000010000500002
515600100108108510005415              000030000500002
5156201002531050100004                000010002400009
5156301002531050100006                000010004600009
5156401002531050100006                000010004600009
516440100549005020000420              000020004600009
5166101001331063000004                000010003500009
5167001002221063000004                000010013500009
5167101004120133900027                000010002500009
51732010078509035000045               000880002100009
5177901002531050100004                000010002400009
519370101033111180000210/10           000030000500002
5201303003461107400002                000010000500002
521040100471004320000320              000020002400004
5211901006941014900045                000010004500001
5212001006291058100004                000010005100009
5212101006291058100004                000010053500009
52162010005510903000033.5             000030000500004
5216605006941014900045                000010006100001
5216705006941014900045                000010006100001
52207010052301318000108               000050004300002
52317010002803664000032000            000080000500020
52318010002803664000034000            000080000500020
523190100028036640000310000           000080000500020
523690500204102050002720              000880004300009
524030100055111780005440              000030000500002
5241701010411063000004                000010002500009
5242601004121094600040                000010012500009
52427010088800315000037               000020006700010
5242801002220101400027                000010006600009
5242901002230101400027                000010006600009
52430010080810355000021               000030000500002
524310100406103360000225              000030000500002
