0202901005880779600020500/200         000900001500009
0207201001100087800003                000010001300006
0207301001100087800003                000010001300006
0354301006700024000006                000010005100009
035460100085044380005440              000030000500002
0380103000690494600054                000010000500002
0380901005180075800004                000010005800009
0381103000210065000027                000010001500009
0381205002270407300054120             000030000500002
0381305007520060000024                000010004300010
0381401006790019600010                000010000500002
0381502006790019600010                000010000500002
0381605006790019600010                000010000500002
0381704006790019600010                000010000500002
0503503005180075800004                000010004100009
0523501000210065000027                000010001400009
0526201007520060000024                000010018600010
0526602007520060000024                000010002100010
0603701000690494600054                000010000500002
1034401000940049700010                000010007200016
1178601004720001200003600             000080000500004
12536010058310553000090.05/4          000020003500007
14147010005701175000278.1/1           000880004300009
1415401000040065400054500             000030000500002
1415601000040065400010250             000050004000002
1491603006340044400024100             000020003600010
1558802000040065400010500             000050003700002
1648701002580072900008                000010001500009
16537010020508628000080.01            000880003500009
1699801006340044400024100             000020002400010
1830801000570065500027                000010004300009
1839201003190105500036                000010003600009
1839303003190105500036                000010004900009
1839401003190105500036                000010003600009
1839503003190105500036                000010004900009
18640010000301067000275               000140010700009
1900901002841063000039                000010011500001
1901201004071050000035                000010000500001
1905001004071050000037                000010001000001
20890010004901156000031000            000080000500004
2089101005760261200003250             000080000500004
2089201005760261200003500             000080000500004
20893010057602612000031000            000080000500004
2090201005760115500003600             000080000500004
20903010057601155000031200            000080000500004
2090901001700015600018                000010000500001
212290100735107720002010              000020001500009
2167901002841063000039                000010011500001
2179801005760261200003250             000080000500004
2179901005760261200003500             000080000500004
21800010057602612000031000            000080000500004
2234601002231012800004                000010004100009
2234701002231012800004                000010005200009
22487010000406974000200.3             000880001500009
224880100583013460005850              000230000800007
2264901004021050000029                000010000500001
2306001002230100200004                000010009300009
2306101002230100200040                000010013500009
2306201006290103300004                000010005100009
23064010058500752000402/0.1           000880005800009
2361903002231012800004                000010012400009
23947010052608796000080.3             000880001400009
242290300052003060005410              000030000500002
242300100040009910005410/0.6          000030000500002
24231010068405002000041000            000900004400009
24232030068405002000401000            000900002100009
24362010058500752000402/0.1           000880004700009
2512601006840500200019350             000900000800009
26106010063200700000042               000880004700009
26252010038800437000040.005           000880004400009
26253010038800437000040.025           000880004400009
26254010038800437000040.05            000880004400009
26462010068405002000401000            000900003500009
26463010058801369000202/10            000140001400009
2764201001091091900054                000010000500002
278240100275100250001020/80           000140019000002
2803201004021050000029                000010000500001
28233010089000315000693               000880002000007
28234010067001808000271               000880002400009
28235010067001808000041               000880004400009
2847401002841069400039                000010004100009
286970100249013460005850              000230000800007
2869801002490134600058100             000230000800007
2883701004681063000012                000010043100009
29640010058300315000093               000880000800007
3002603002841063000039                000010005600009
3002701002841063000039                000010011500009
3002901002841063000039                000010011500001
3003001002841063000039                000010011500001
3004401002841063000039                000010011500001
3004703002841063000039                000010005800001
3005901004071050000035                000010000500001
3006401004071050000037                000010001000001
3006501004071050000035                000010000500001
3027401002270407300054120             000030000500002
3027502002270407300054120             000030000500002
315210100028105230000320              000140001400004
31804010068410181000040.05/12         000880004400009
31805010068402036000040.05            000880004400009
3180601000100553600002100             000030000500002
31807010001000318000278               000880001400009
31808010067002428000271               000880007300009
3180901003460044000002                000010000500002
32424010067002428000041               000880004400009
32425010067002428000041               000880004400009
326430100155011060000410/2            000880006100009
326470100704102080003050              000140009400006
3314401002230109000004                000010007700009
3329901002531055200004                000010005800009
3348501000040167600010500             000050004000002
3348803000040167600054500             000030000500002
33489010025708716000080.5             000880001500009
3421001004021050000029                000010000500001
34506010002700991000105/0.25          000050002400002
34757010002803664000032000            000080001300020
35074010053810289000040.1/0.1/2       000880004500009
353970100641090350000420              000880004400009
353980100641090350000440              000880004700009
3548701004021026400040                000010003500009
3549701004681063000012                000010003600009
3555601004681063000012                000010043100009
3556001004681063000012                000010003600009
3630103004021026400040                000010002100009
3640001005830134600058100             000230000800007
36632010026502020000041               000020004700009
368980100660017580005410              000030000500002
36918010058808804000080.3/0.1         000880001400009
3691901002230025700004                000010019700009
371800100660017580001610              000140001900002
3728601006700180800012                000010002100009
37419010001005582000042               000880004700009
3779201000650055100010                000010004300002
37950010058300315000090.65            000880002000007
382010100175054520002420              000290002600010
38250010032906386000275               000880002100009
382510100641090350004010              000880004100009
38357010010006266000041000            000900004400009
38369010039801381000083               000140003500009
38474010017500750000242500/500        000230002600010
3870801003460127000054                000010000500002
388290100275100250005450/200          000030000500002
38854010002800241000545               000030000500002
388990100012054240002710              000880004000009
3892801004260917800016                000010004800002
39205010026510426000041/5             000020004400009
3934001002531055200040                000010004100009
39532010058306576000091               000140001900007
3958501007100921800022100000          001200001200002
39616010082210442000035               000220000500004
3963701004071050000035                000010000100001
3963801004071050000035                000010000100001
3966001003190105500036                000010003600009
3966301004071050000035                000010000100001
3966501004681063000012                000010003600009
3968301002841069400039                000010004100009
3977901005760261200003250             000080000500004
3978001005760261200003500             000080000500004
39781010057602612000031000            000080000500004
3985801001750058600024120/50          000230000800010
4002801004071050000035                000010000500001
4002901004071050000035                000010000500001
4003101004071050000035                000010000500001
4023501004290673100058500             000040000800007
4043001001700015600018                000010000500001
4047401003460044000002                000010000500002
40570010039800315000080.9             000880001500009
40571010052608796000080.3             000880001400009
40654010058801369000200.2/1           000020001400009
4093501003290044000027                000010000500009
4096001002841063000039                000010011500009
4098501002531055200040                000010005800009
41343010067002428000061               000880004400009
416580100433051840001625              000050001900002
41673010032705320000031               000270000500004
41674010032705320000031               000270000500004
41675010032705320000031               000270000500004
41676010032705320000031               000270000500004
418890100457012130005450              000030000500002
4189001006710725200054                000010000500002
4189103006710725200054                000010000500002
4199101004071050000035                000010000100001
4199301004071050000035                000010000500001
4199401003190105500036                000010003600009
4199501004071050000037                000010001000001
4204203000040067600054875/125         000030000500002
42043010034900876000545/120           000010000500002
4223901005061021900008100/400         000030001500009
42288010011000897000045               000020011300009
4241201002230025200004                000010005800009
4241301002231012800004                000010005800009
42854010057602612000031500            000080000500004
428830100275100250005425/100          000030000500002
4290401005230053500010                000010004300002
4296801004970203600027                000010004800009
4323101003191061900036                000010003600009
4323203003191061900036                000010004900009
4378801005830709400058                000010001500007
43813030043305184000102               000240004300002
43854010028410667000390.5             000020004100009
4385501003190105500036                000010003600009
4385603003190105500036                000010004900009
4386203003190105500036                000010004900009
4386301002841063000039                000010005800001
4410101003460147800068465.12          000050051800002
44168010082210442000022               000040000500002
442090100027003060005410              000030000500002
442100300027003060005410              000030000500002
443190100175054520006021              000230000800010
443260100710092180001010              000040001500002
4444201006840203600051                000010005100009
44457010002803664000034000            000080001300020
447460100102011310005420              000030000500002
4480701002840011700039                000010005800009
4485701000410622600016                000010001900002
4489001003191061900036                000010003600009
45031010080610340000031000            000030002400004
4506901002591063000023                000010011500009
4549601001750818200024                000010000800010
4550601004121063000040                000010002500009
4550701004020126800041                000010000500001
45508010052610178000080.3/0.1         000020001400009
4550901004330518400010                000010003700002
456360100031006930006050              000230000800007
4593501000310134600024200             000230000800010
459570300457012130005450              000030000500002
461850100254004700003020              000220001300003
4625701000100553600002200             000030000500002
464810100155011060000410/4            000880004500009
46670050089000315000693               000880005500007
466710100254004700003010              000830003100003
4672601000310069300024125             000230000800010
4672701000310069300024250             000230000800010
4714101001750818200059100             000230000800010
472290100353030660005475              000030000500002
47259010043305184000102               000240003700002
4735801000310134600059200             000230000800010
47368010022200315000243               000020001400010
474710100175054520006020              000230000800010
4768001010021066500024250/25          000230000800010
4779201000310134600059200             000230000800010
4790901002750101800002100             000030000500002
4796101001700015600018                000010000500001
4796301000500032900004                000010004700008
47964010043303050000041.16            000880005800009
4796803010021066500024250/25          000230000800010
4815601010021066500024125/25          000230000800010
4816903010021066500024125/25          000230000800010
48170010058300315000093               000880001700007
48172010043305184000102               000240003700002
4817401004071050000035                000010000100001
4817503003190105500036                000010004900009
4817601003190105500036                000010003600009
4817701002841063000039                000010011500009
4820601002840067000039                000010007700009
4868101010021066500024125/25          000230000800010
48821010089000315000243               000880002200007
488400100055108630000325              000030000500005
4884201000551086300003100             000030000500005
488960100704102080003040              000030009400006
49050020053810289000040.1/0.1/2       000880009000009
4915801001751003100024                000010000500010
4915901001750075000024120/21          000230000800010
49170010058301346000240.1             000880001900010
4926401001881045600014                000010000500002
492650100518003650002764              000880012400009
49301010006200783000125/2             000880002100009
4935001002650021300004                000010006100009
4935101007961087600004                000010004800009
4935201000021046500004                000010004800009
4935401000811028500003                000010002800009
4936601008820791800056                000010005300002
4936703008820791800056                000010015500002
4936801008820791800056                000010004700002
4936901008830791800056                000010005300002
4937003008830791800056                000010015500002
4937101008830791800056                000010004700002
4937201004470791800056                000010015500002
4937301004470791800056                000010004700002
4937401003540791800057                000010005300002
4937501003540791800057                000010004700002
4937601005530791800057                000010005300002
4937701005530791800057                000010004700002
4937801004250791800057                000010005300002
4937901004250791800057                000010004700002
4938001001150791800057                000010005300002
4938101001150791800057                000010004700002
4939301002531097900065                000010003800009
4958001001091091900041                000010000500002
49716010002103330000105               000020002100002
49717030002103330000105               000020002500002
4971801005560658400009                000010001900007
497440100066069900000240              000030000500002
4980501002320036800054800             000030000500002
4980601001101099800054                000010000500002
4984701003460127000041                000010000500001
498490100704102080003040/0.8          000140009400006
4993201001560791800057                000010005300002
4993301001560791800057                000010000500002
4993401001560791800057                000010000500002
4993501001560791800057                000010005300002
5001001002070026400054                000010000500002
5002501002630060900014                000010000500002
5008403010021003100024200/6           000230000500010
50388010005801231000270.5             000880005100009
5048901006291103600027                000010020100009
5051703000100423000054150             000030000500002
5058801002531050100027                000010013500009
5058901002531050100027                000010007700009
50591010005701175000278.1/1           000880002100009
5059201000670160400004                000010005200009
5059301002980024900004                000010005200009
5066301002650106800004                000010020100009
5068001008900031500069                000010001500002
50704010068405002000043.5             000350001600009
5076101000020001100004                000010004700009
5087901000811063000027                000010003500009
5092503007780066700058                000010000800007
5092601002531055200040                000010005800009
5093301006340044400024100             000020003600010
50948010067005582000122               000880004300009
5100201002531097900065                000010002300009
51003030025210843000040.1             000880004500009
510080100783002170002724/100          000240005900009
51091010010810851000545               000030000500002
510920100108108510005410              000030000500002
510930100108108510005415              000030000500002
510940100108108510005425              000030000500002
51231010007901182000160.5             000140004800002
5130701007071050100004                000010005800009
513080100568030700005450/4            000030000500002
51309010001205424000235               000880004000009
5136301003460101700054                000010000500002
5136701003460928500054                000010000500002
5136801003460928500054                000010000500002
5140101003461107900048                000010013500002
5140201003460128900054                000010000500002
5140301003461108000054                000010000500002
5140401001420829800054                000010000500002
5140501003460928500054                000010000500002
5140601003461057400048                000010017700002
5140701003460095000048                000010017700002
5140801003460129300048                000010005200002
5141001003460029200048                000010017700002
5141101003461012100048                000010017700002
5141201003461027400048                000010017700002
5141301003460829800048                000010017700002
5141401003461080800054                000010000500002
5141501003461001700054                000010000500002
5141601003461095100054                000010000500002
5141701003460105600054                000010000500002
5141801003461095100054                000010000500002
5141901003460143400054                000010000500002
5142001003460143400054                000010000500002
5144101002531055200004                000010004400009
5144201002531055200040                000010004100009
5146601001881045600014                000010000500002
51505020032806107000541000            000030000500002
51506040032806107000541000            000030000500002
51629010058308298000090.65/7          000240002100007
5166301005731087500012                000010029700009
5166401005731087500012                000010029700009
5166501003670060800012                000010029700009
5169801002650360600004                000010000100001
517050300066069900000240              000030000500002
51727010064302436000041/0.05          000880004400009
5182301006291060100004                000010005800009
5184601002531050100040                000010013500009
51851010000301067000270.5             000020001600009
518620100337005720000410/4            000880004400009
51863010026501416000043/5             000880004400009
5190401008990147800059465.12          000050051800002
5191501006410075500004                000010008300009
5192801004570465200054                000010000500002
5192901004830470900054                000010000500002
51938010023200368000045               000020004600009
5193901000651013500010                000010004300002
5198201000690494600014                000010000500002
520860100597111300005412.5/75/50/250  000030000500002
523530100340010390005450              000030000500002
52354010017500750000243/0.5           000030002600010
5239203009011093200054200             000030000500002
