0007601000250598600010400/30          000050002500002
0047801000590575600002100/25          001100000500002
005040200543014300005410/500          000030000500002
00517010054301430000162/100           000140001900002
0061801000040167600054500             000030000500002
0061903000040167600054500             000030000500002
007170100468005740002362.5            000880012200009
01288010068402036000040.05            000880004700009
0133101006840078100004                000010004400009
01402010034105716000103250            000050004300002
01407010017500107000240.25/0.5        000140001900010
0153701000450692000054400             000030000500002
01574010032804732000545               000030000500002
01575030032804732000545               000030000500002
01639010017504078000240.5             000880001900010
01641010052301318000548               000030000500002
01642010052301318000162               000140007100002
016490100042065520005410              000030000500002
01652010054301422000166.67/333.4      000140001900002
0172601001490895600010                000010002100002
0174101001490895600010                000010002100002
02042010067002428000041               000880004400009
0204501000100558200054200             000030000500002
0204603000100558200054200             000030000500002
0205301003880021300027                000010002100009
02464010003805940000542               000030000500002
0256501005461089300003                000010001500010
0256603005461089300003                000010001500010
025830100028041180005460              001100000500002
0282001010050829800009                000010005500007
0388301000100046600054500             000030000500002
03994030034105716000103250            000050003600002
0420403005170079800054300/300         000030000500002
0421401005170079800016120/400         000140001900002
046610300187029780005410              000030000500002
047540100328047560005480              000030000500002
047550300328047560005480              000030000500002
049130100052050260005410              000030000500002
049140100052050260005425              000030000500002
049150100052050260001010              000050004300002
0492001006100017800054                000010000500002
049370100293034340005410              000030000500002
049380100293034340001610              000140001900002
04949020005303776000045               000880005800009
04950050005303776000045               000880004100009
0495401005170079800054300/300         000030000500002
04965010067400832000275               000880001500009
0498103000450692000054400             000030000500002
049830100180008960005450              000030000500002
0498401003560000600054                000010000500002
0526401004260917800016                000010004800002
0580801001800089600054100             000030000500002
06121010001005582000122               000880002100009
070350200180035280005410              000030000500002
070720200180035280005420              000030000500002
07237030022701254000545               000030000500002
0746901001490895600054                000010000500002
0748301004831011800002250             000910000500002
07510030018701302000546               000030000500002
0751503000590575600054200/50          000030000500002
0751601000590575600054200/50          000030000500002
07847030001601478000541250            000030000500002
08897010018705956000541               000030000500002
08899010018705956000542.5             000030000500002
08925010067002428000271               000880007300009
10449020018701302000543               000030000500002
10450010018701302000546               000030000500002
1050101003650060900036                000010005500009
10519020053502092000542               000030000500002
10535010067002428000041               000880004400009
105990100175054520002425              000290001900010
1060201000660803200054300             000030000500002
106140100138084010000380/16           000140001400004
1064001000280411800016125             000140001900002
1064101004830917000016                000010001900002
1076503001800089600054100             000030000500002
110100100520084380005450/5            000030000500002
1105101000040189200054250             000030000500002
1105201000040189200054500             000030000500002
1105303000040189200054500             000030000500002
1153203003560000600054                000010000500002
12085030068410181000040.05/12         000880004400009
120910100516006620000450/5000         000900004400009
12094010001005582000042               000880004400009
121020100293003160005410/1.5/40       000030000500002
121270200180008960005450              000030000500002
126540200229067760005430              000030000500002
126550500229067760005430              000030000500002
12950010064302436000041/0.05          000880004400009
133180300293003160005410/1.5/40       000030000500002
13349010010800923000032               000070000500006
136470100543014220005410/250          000030000500002
1414401000590575600054100/25          000030000500002
14450020053502092000540.5             000030000500002
1445101002320036800054200             000030000500002
1576101000040812800054300             000030000500002
1596401005170079800010120/400         000050004300002
1628301000100423000054150             000030000500002
1628402000100423000054150             000030000500002
16287010029104278000541               000030000500002
166030100004063780005450              000030000500002
166250100191003520002720              000880004800009
16627010067002428000061               000880005800009
169890300107007050005450              000030000500002
1706901004180065200054250             000030000500002
170700100297000010000310              000140006900005
170710100297000010000310              000140001300004
1712601002320036800054800             000030000500002
1712703002320036800054800             000030000500002
1724401000040024400054500             000030000500002
17546010053502092000540.5             000030000500002
17547010053502092000542               000030000500002
17548020018702978000545               000030000500002
175890100494009970005415              000030000500002
17750010017500750000242500/500        000230000500010
17764030001600499000541500/125        000970000500002
17769010053502092000162.5             000140001900002
1788301000500888200004                000010004600009
1788403000500888200004                000010004400009
180240100322008190000210              000030000500002
18174010051500648000545               000030000500002
181750100515006480005410              000030000500002
183220100187029780005410              000030000500002
1858905000100423000054150             000030000500002
1874001001380840100054400/80          000030000500002
1874101001380840100054800/160         000030000500002
18744050018702978000545               000030000500002
18746050053502092000540.5             000030000500002
18747050053502092000542               000030000500002
18857010018701302000543               000030000500002
1899401005170722800054500             000030000500002
1899501005170722800016100             000140001900002
189960100180008960005425              000030000500002
189970300180008960005425              000030000500002
190790300494009970005415              000030000500002
196360100059057560005450/12.5         000030000500002
20139010067002428000041               000880009000009
20140030067002428000041               000880005800009
20141010003805940000542               000030000500002
201490300028041180005460              001100000500002
2056101000100558200007400             000030000500011
2063601000040167600010250             000050003700002
2063701000040167600010500             000050003700002
21005010052301318000104               000050004300002
2114211000660803200054150             000030000500002
211600300175054520002425              000290007100010
2120001002490134600058100             000230000800007
2122701000040024400054500             000030000500002
2122801000040024400010200             000050003500002
2133401005040289800058                000010001500007
2164602001180014600054600             000030000500002
2164704001180014600054600             000030000500002
2165801005880080400020                000010001500009
2165901005880080400020                000010001500009
21747010005504334000045               000880004500009
2207003000040024400054500             000030000500002
2208501000040637800002100             001100000500002
2240201002070026400010                000010000500002
225480100052050260005450              000030000500002
22598010005900891000540.25            000030000500002
22599030005900891000540.25            000030000500002
22600010005900891000541               000030000500002
22601030005900891000541               000030000500002
2261901000040189200054750             000030000500002
22869010053502092000540.25            000030000500002
2313701004560909000054240             001100000500002
2317201000520110200054120             000030000500002
2317303000520110200054120             000030000500002
23323010032906386000272               000880004300009
23499010023200368000045               000020001600009
2351601001580736400054600             001100000500002
237820100180013470005440              000030000500002
237830100180013470005480              000030000500002
2400503000160135700054315/200         000970000500002
2403401000520110200054180             000030000500002
2403503000520110200054180             000030000500002
2403601006680018200054150/10          000030000500002
243940100229067760005460              000030000500002
243950300229067760005460              000030000500002
2563401002320106300054200             000030000500002
256350100232010630001050              000050005400002
2568103000160135700054315/400         000970000500002
257470100107007050005450              000030000500002
260510100265055120000210              000030000500002
260520100265055120000220              000030000500002
2614003000040024400054500             000030000500002
26308030003805940000542               000030000500002
26499030001600499000541260/200        000970000500002
26500030001600499000541260/400        000970000500002
267390100341057160001010              000060000500002
267400300341057160001010              000060000500002
26975010018702978000035               000140001200005
271200200102011310005410              000030000500002
271210100102011310005420              000030000500002
281380100349013030005460/120          001100000500002
2816401003280610700054850             000030000500002
2816503003280610700054850             000030000500002
28350010063200046000042               000880004700009
283540100660017580005410              000030000500002
283550100660017580001610              000140001500002
28394010022707392000022.5             000030000500002
2848702004330306600054150             001100000500002
2882505004330306600054150             001100000500002
2898301002320036800054800             000030000500002
2898701002320036800054400             000030000500002
2904601001020123500054400             001100000500002
295460100029006710005480              000030000500002
2954801000290067100054160             000030000500002
295610300068000200005470              000030000500002
2967601001180014600010100             000050002100002
297150100052050260001610              000140001900002
297160500102011310005410              000030000500002
297170300102011310005420              000030000500002
29806010053502092000540.25            001120000500030
3051801007350046200020                000010001400009
306100100102011310005410              000030000500002
306110400102011310005410              000030000500002
30804010063200046000042               000880004700009
308050100511009660005430/100          000030000500002
308060300511009660005430/100          000030000500002
315130100457012130005450              000030000500002
31515010023200368000045               000020001600009
31697010058801369000202/10            000140001400009
318940100068000200005470              000030000500002
319020100356011850005480/12.5         000030000500002
319030300356011850005480/12.5         000030000500002
319790100356101910005440/12.5         000030000500002
319800100356101910005480/12.5         000030000500002
323400300660017580005410              000030000500002
3259301002310092600030100             000140006900006
3259403002310092600030100             000140006900006
3259501002310092600030100             000140006700006
3259603002310092600030100             000140006700006
3259801002310092600030100             000140006800006
3259901002310092600030100             000140009400006
327300100660017580005410              000030000500002
327310300660017580005410              000030000500002
327320100660017580001610              000140001500002
328070100191007340000420              000880020300009
328080100191003520002720              000880002400009
330850100175102340006118              000230000500010
3313101006930634000007100/400/5/45/15 000030000500011
3313203006930634000007100/400/5/45/15 000030000500011
33157010011000897000045               000020011300009
33248010024901346000240.1             000880001900010
33249030003805940000542               000030000500002
334080100132006210000440/6            000880005800009
3359103002490134600058100             000230000800007
33721010032801012000542               000030000500002
33722010032801012000544               000030000500002
337230500180035280005410              000030000500002
337240100613004450000350              000220001400005
33865010068402036000270.05            000880004800009
3388301006180331500054450/50          000030000500002
3388403006180331500054450/50          000030000500002
3402701007350046200020                000010001500009
3407601002150035500004                000010004700009
34128010044508684000542.5             000030000500002
341370100180010400005480              000030000500002
341380300180010400005480              000030000500002
3418601001870222000054                000010000500002
3419001000040024400054500             000030000500002
3419201000040024400010200             000050003500002
341950300180007310005450              000030000500002
341980100066069900000220              000030000500002
341990300066069900000220              000030000500002
344370100543014300005410/500          000030000500002
34447010063200046000042               000880004700009
3444801002320036800010400             000050004300002
344490500180035280005420              000030000500002
3445003005170722800054500             000030000500002
34654010022701254000545               000030000500002
349150100229067760005430              000030000500002
35035010005303776000045               000880004400009
350840100180035280005410              000030000500002
350850100180035280005420              000030000500002
353860100353030660005450              000030000500002
353880100353030660005475              000030000500002
35613010026503606000274               000880004300009
35633010044500229000034/200           000140001300003
35738010005210069000102.5             000050004000002
35739010005210069000545               000030000500002
35740030005210069000545               000030000500002
3584601000160135700054315/200         000970000500002
3584701000160135700054315/400         000970000500002
3595901004330518400054400             000030000500002
3596103004330518400054400             000030000500002
3596201001800104000054160             000030000500002
3596303001800104000054160             000030000500002
362040100786102040005410              000030000500002
36205010051501594000546.25            000030000500002
362060100515015940005412.5            000030000500002
362070100515015940005425              000030000500002
36214010001601478000541250            000030000500002
36215010001600499000541500/125        000970000500002
36216010001600499000541260/200        000970000500002
36217010001600499000541260/400        000970000500002
36346010003610184000543/0.03          000030000500002
36827010051500648000545               000030000500002
368280100515006480005410              000030000500002
3690501000100075700054250             000030000500002
3690603000100075700054250             000030000500002
36907010067000757000041               000880004700009
37229020003610184000543/0.03          000030000500002
37230010000401676000541000            000030000500002
37365010044508684000541.25            000030000500002
374890100175102340005918              000230000500010
376490100401081320000350              000030000500004
3791301006250626600054500             000030000500002
3791403006250626600054500             000030000500002
3791501006250626600007500             000030000500011
381310100457012130005450              000030000500002
381320300457012130005450              000030000500002
3821502006680018200054150/10          000030000500002
384460300676012510005425              000030000500002
3844701006760125100054100             000030000500002
3844801006760125100054200             000030000500002
3875701006290063700004                000010004100009
3879301003560118500054160/12.5        000030000500002
3879403003560118500054160/12.5        000030000500002
387970100457012130005450              000030000500002
387980300457012130005450              000030000500002
389650100028076470001650              000140001900002
39056010003610184000543/0.02          000030000500002
39057020003610184000543/0.02          000030000500002
39277010081910430000543/0.03/100      000030000500002
39617010003610184000543/0.02          000030000500002
3972401006550283400059                000010001500010
3972503006550283400024                000010001900010
39727010029901403000540.5             000030000500002
39729010029901403000541               000030000500002
39731010029901403000542               000030000500002
397340100299100160005415              000030000500002
397360100299100160005430              000030000500002
397370100299100160005445              000030000500002
3973801003280610700054500             000030000500002
3973903003280610700054500             000030000500002
3974001003280610700054850             000030000500002
3974103003280610700054850             000030000500002
39742010032806107000541000            000030000500002
398760100523005350001015              000050004300002
3997301000281042900054100/0.2/0.5     000030000500002
3997403000281042900054100/0.2/0.5     000030000500002
4003501005591037100054875/300         000030000500002
400800100523005350001637.5            000050007100002
400810100652005440001015/0.01         000050004300002
40279010051501594000546.25            000030000500002
402800100515015940005412.5            000030000500002
402810100515015940005425              000030000500002
40349010081910430000543/0.02/100      000030000500002
4035001000280042600054100/0.35        000030000500002
40480010063200700000042               000880004700009
404810100101102350005410              000030000500002
404820300101102350005410              000030000500002
404830100101102350005420              000030000500002
4048401006251033500007                000010000500011
4064101007841004500054150             000030000500002
410060300079006670005850              000230000800007
41148010022707392000167.5             000140003500002
41149010058810178000200.3/0.1         000140001400009
4117301000040189200054500             000030000500002
4127801000040167600010750             000050003700002
413350100101011310005410              000030000500002
413360100101011310005420              000030000500002
4143501004330306600002100             001100000500002
41568010027901027000540.4             001100000500002
41724010083710524000022.5/120         001100000500002
41793010066010069000102.5             000050002400002
41876020003610184000543/0.02          000030000500002
4187701005591053200054                000010000500002
4228401003280610700054500             000030000500002
4228503003280610700054500             000030000500002
4228601003280610700054850             001100000500002
4228703003280610700054850             001100000500002
42348010024910481000545/0.6           000030000500002
42349010024910481000105/0.25          000050004000002
4257401005850075200004                000010004700009
425960100356101910005480/25           000030000500002
4261901001020188400054100             000030000500002
4262003001020188400054100             000030000500002
4265601000341058800002110             000030000500002
426580100034105880000275              000030000500002
426590300034105880000275              000030000500002
43206010032806107000541000            000030000500002
43207030032806107000541000            000030000500002
4320801001180014600054600             000030000500002
4323801003280610700054850             001100000500002
4323903003280610700054850             001100000500002
43240010032806107000541000            001100000500002
43241030032806107000541000            001100000500002
4324201010130634000007                000010000500011
4324303010130634000007                000010000500011
4326501005321061500010                000010004300002
4355101005230053500010                000010004300002
4381001000280764700054100             000030000500002
4381103000280764700054100             000030000500002
4381801000040024400010200             000050004800002
438410100433030700005450/4            000030000500002
43883010003101184000544               000030000500002
43884010003101184000545               000030000500002
438850100031011840005410              000030000500002
439400100042065520000320              000140001300005
44098010054301422000034/500           000140001400005
441820100175054520006020              000230001500010
4418301001750407800060100             000230001500010
441840100175001070006020/50           000230001500010
44511010068410181000040.05/12         000880004500009
44671010063200046000042               000020004700009
44672010068400667000040.1             000020004700009
44673030068400667000040.1             000020004400009
44674010068400667000040.1             000020004800009
4467501000310066700061200             000040000500010
4467601000310066700061200             000040000500010
4467701000310066700061400             000040000500010
4467803000310066700061400             000040000500010
4467901003280061000054500/5           000030000500002
4468003003280061000054500/5           000030000500002
4468301000471076100054                000010000500002
4481701000040116500054500             000030000500002
4481801000040116500054750             000030000500002
448430100328047560005460              001100000500002
4492101002630060900014                000010000500002
451740100180107760005440/5            000030000500002
451750100180107760005480/5            000030000500002
451760100180107760005480/10           000030000500002
45178010005900891000540.75            001100000500002
45179010005900891000541.5             001100000500002
45180010005900891000543               001100000500002
45181010017510777000592.5             000040000500010
4563201000100423000002150             000030000500002
4563302000100423000002150             000030000500002
4563405000100423000002150             000030000500002
456480100102103070005410/10           000030000500002
456490100102103070005420/10           000030000500002
4565001001801032300054160/5           000030000500002
4565103001801032300054160/5           000030000500002
4565201001801032300054160/10          000030000500002
4565303001801032300054160/10          000030000500002
4571104001180014600054600             000030000500002
459600100340010390005450              000030000500002
46353010032810464000542/1000          000030000500002
46354010032810464000544/1000          000030000500002
4635501000080103700002200             000030000500002
46356010026501011000040.1             000880004400009
46357010018010087000545               000030000500002
46358010000801037000042               000020006100009
46387010026500167000040.025/4         000880004500009
465311100229067760005460              000030000500002
4677001001180014600054200             000030000500002
47179010053710358000545               000030000500002
471800100537103580005410              000030000500002
473880100079006670005850              000230000800007
47441010026501011000040.3             000880004400009
4745801003281088200054                000010000500002
477330100322003480000450              000500004400009
47734010032210632000045/50            000280004400009
47739010004205122000160.2             000880007800002
4786201000040196900010125             000050004000002
4786301000040196900010250             000050004000002
48213010068402036000510.05            000880004100009
4824103003280610700054500             001100000500002
4824301003280610700054500             001100000500002
483630100735107100002095              000880001900009
48374050003610184000543/0.03          000030000500002
48375050003610184000543/0.02          000030000500002
48376050003610184000543/0.02          000030000500002
4845403007350046200020                000010005900009
48455030058802866000200.025/0.5       000880005900009
48516060000401748000031000            000030000500003
4855303006880080400020                000010005900009
4855506000040174800003500             000030000500003
48556060000401748000031000            000030000500004
48557060000401748000032000            000030000500004
486420100534100470001035              000050002100002
48779010026510514000040.1/2.5         000880004400009
48850010032810949000542.5/1000        000030000500002
48851010032810949000542.5/850         000030000500002
48862010002610737000545               000030000500002
488630300026107370005410              000030000500002
48864010078700771000040.03            000880004600009
48865010078700771000040.10            000880004500009
4886901004330518400054600             000030000500002
48879010000400244000102               000060052300002
490580200328047560005460              001100000500002
4918001000311091800061400/10          000230000500010
4918101000311091800061200/10          000230000500010
49459030000401676000541000            000030000500002
4948201000671076000002360             000030000500002
4972105001180014600054600             000030000500002
49722030000401748000031000            000030000500003
49942010055701186000545/120           000030000500002
4995801005230053500002                000010000500002
5018701001800104000054320             000030000500002
5018801003560118500054160/25          000030000500002
5018901008040015200054                000010000500002
50241010063211025000042/1             000020004700009
5030605005430143000054                000010000100001
503170100322003480002750              000220001900009
5031801001801042100054160/12.5/5      000030000500002
5031901001801042100054160/12.5/10     000030000500002
5043901004350035500014                000010000500002
5045301004061001900054500             000030000500002
5045402004061001900054500             000030000500002
50455010040610019000541000            000030000500002
5057001002320036800054400             000030000500002
50571010023200368000045               000020001600009
5057201001380840100054800/160         000030000500002
50578010001000318000278               000880001400009
505980100676110430005480              000030000500002
505990100676110430005440              000030000500002
5064104005430142200054                000010000100001
507250100185110090005420              000030000500002
507260100185110090005440              000030000500002
507810100010042300005450              000030000500002
5078201000100423000054100             000030000500002
5078304000100423000054150             000030000500002
5078401000100423000054200             000030000500002
5078503006840118200004100             000900004500009
50786010053810289000040.1/0.1/2       000880004500009
50787030063200046000092               000880001600009
5078802000660803200054150             000030000500002
5078905000660803200054150             000030000500002
50790010043305184000102               000240002100002
50791010055001250000162/30            000140001900002
50792010004205122000544               000030000500002
5079301005430050600054                000010000500002
508670100328110540005420              000030000500002
50915010011000897000043.75            000020011300009
50979010066010069000545               000030000500002
509800100180103230005480/5            000030000500002
5102403006100017800054                000010000500002
51083010002101204000035               000030000500004
511870100102011310005440              000030000500002
5134601001801042100054320/25/10       000030000500002
5144301003650060900024                000010004800009
514450100322008190000210              000030000500002
515520101022100500000220              000030000500002
515530101022100500000240              000030000500002
51554010018410374000540.5             000030000500002
5155501000100078900007400/100         000030000500011
5155601006840203600004                000010004400009
5157101001380276200054100             000030000500002
517950300185110090005420              000030000500002
51847030005900891000540.375           001100000500002
5204701005230131800010160             000290004300002
521690100031011840005410              000030000500002
52170010003101184000545               000030000500002
52171010003101184000544               000030000500002
521720100028076470000350              000140001200003
5219201004061001900010100             000030002500002
522660100055111500005420              000030000500002
522670100055111500005430              000030000500002
522680100055111500005440              000030000500002
522690100055111500005450              000030000500002
5227001002321115100002250             000030000500002
52282010051707228000541000            000030000500002
5242101001751118200059                000010000500010
524430100185010640005430              000030000500002
524440100433030410005450/500          000030000500002
524450300433030410005450/500          000030000500002
