009670300494009970005415              000030000500002
030680100588012140000450/100          000900004500009
030720100516006620002750/2000         000900004800009
030730100079011820000450              000900004700009
030750100079011820002750              000900004800009
031350100356035360005410/25           000030000500002
031360300356035360005410/25           000030000500002
031790100356035360005420/12.5         000030000500002
033070300356035360005420/12.5         000030000500002
0389901000910051300017                000010039800008
0538301004871015200003                000010000500006
053850200085049650005450/5            000030000500002
054010100180035280005410              000030000500002
054020300180035280005410              000030000500002
054030100180035280005420              000030000500002
054040300180035280005420              000030000500002
06187010003605844000540.5             000030000500002
061890100185063140005430              000030000500002
0619101000360282600054150/30          000040000500002
07468010007910196000035/2             000140001200003
07951010044508684000542.5             000030000500002
08053030019706880000155               000600000500014
080540300197068800001510              000600000500014
08756010018003528000545               000030000500002
0876301005310139700061                000010000500010
08766010053202244000102/5             000050002300002
0885401006830001800054                000010000500002
088580100683000180004814.4            000880005800002
088590300683000180004814.4            000880004100002
088730100180035280005410              000030000500002
088740300180035280005410              000030000500002
088750100180035280005420              000030000500002
088760300180035280005420              000030000500002
09354010019706880000155               000600000500014
093550100197068800001510              000600000500014
0945303006831013400054                000010000500002
09568010064302436000041/0.05          000880004400009
102860100494009970005415              000030000500002
103080100185063140005460              000030000500002
1039601000590576400054200/50          001100000500002
103980100101000680005410              000030000500002
11203010032604804000035000            000080001300003
1122401000270119000010                000010004300002
11226010007901182000160.5             000140003500002
1123001002520066700004100             000900004700009
11845010056600391000545               000030000500002
13208010007910196000305/2             000140001200003
13308010018003528000545               000030000500002
1490501002520066700004100             000900004700009
1502801002520066700027100             000900004800009
1534201002520066700027100             000900004800009
1588301000360282600054150/20          000040000500002
16950010007910195000303/3.9           000140001200003
173270100066069900000210              000030000500002
181820100101000680005420              000030000500002
182060100587012830002785/80           000060028200009
186620300185010640005430              000030000500002
20555010000404611000040.1             000020004500009
21216010032900391000541               000030000500002
212230100101000680005420              000030000500002
212240100683000180004814.4            000880005800002
21964030016701449000121               000880008000009
2217801004060084900010600             000050008000002
2228901005621049600054                000010000500002
225310100101000680005440              000030000500002
231450100185010640005430              000030000500002
2316901004811014400003                000010003100018
232980100296001680000325              000870003100003
232990100296001680000350              000450001300003
233430101008013220000310              000140001400021
2406701006750054900027                000010004300009
240900100055013650000220              000030000500002
2409101000550136500002100             000030000500002
2409201000550136500002250             000030000500002
261600100101000680005480              000030000500002
275800100068000200005470              000030000500002
2839701003560028500054100/25          000030000500002
285571100010100580000350              000030000500004
285581100010100580000370              000030000500004
285900100249006670005850              000230000800007
2860301000950010200003100             000450001400018
28809010005210069000545               000030000500002
28810030005210069000545               000030000500002
288790100036100760005475              000040000500002
29127010016701449000121               000880003500009
29128010016701449000121               000880003500009
29804010076410107000300.5             000140003100006
303380100180007310005450              000030000500002
3079401005360006200054                000010000500002
31100030007910195000033/3.9           000140001200003
3126511006001010600054600             000030000500002
312830100356002850005450/12.5         000030000500002
3130801001800073100054100             000030000500002
31797010005210069000102.5             000050004000002
319060100433101880005490              000030000500002
323500300185010640005415              000030000500002
323520300185010640005430              000030000500002
32389010023801425000545               000030000500002
323900100238014250005410              000030000500002
323910300227007840001050              000880005300002
3255801002650021300004                000010004500009
326390100067102070005430/50           000030000500002
326400300067102070005430/50           000030000500002
3267501000950010200003833             000450036900018
3267601000950010200003833             000450037000018
32832060000410216000031000            000030000500005
328710100254004700000340              000220001300003
3310701000671023600004                000010013500009
334280100786102040005410              000030000500002
3348301006430122200004                000010004600009
3348403006430122200004                000010004500009
337120100249006670005850              000230000800007
3379401000411025400002125/80          000030000500002
339930300433101880005460              000030000500002
339940300433101880005490              000030000500002
350490100102102830005410/20           000030000500002
3521901003611067900004                000010013500009
358140100102102830005410/10           000030000500002
358150300102102830005410/20           000030000500002
358160300102102830005410/40           000030000500002
358170100102102830005410/80           000030000500002
358570100786102040005410              000030000500002
35863010075101236000545               000030000500002
358640100751012360005410              000030000500002
3596503000210518400054400             000030000500002
3596601000210518400054400             000030000500002
36782010018401027000020.4             001100000500002
3692101004331018800054120             000030000500002
375850100068103460005470/2800         000970000500002
3843803004060084900054600             000030000500002
3866701008071034800022                000010001200002
390810100085049650005450/5            000030000500002
3920301008171042400003                000010003100003
3922501002230999800040                000010003600009
3922601005400999800004                000010005100009
3923911000040039200003500/500         000030000500004
3970501003560028500054100/12.5        000030000500002
3989301003790085500054                000010000500002
399890100328104690005425              000030000500002
399900100328104690005450              000030000500002
3999101003281046900054100             000030000500002
406790100180102650005420              000030000500002
406800100180102650005440              000030000500002
406810100356104860005420/12.5         000030000500002
406820100356104860005440/12.5         000030000500002
416200100328105180005450/1000         000030000500002
416210100328105180005450/500          000030000500002
424110100068103460005470/5600         000970000500002
43297010075101236000545               000030000500002
432980100751012360005410              000030000500002
4379601000550136500002140             000030000500002
4379701000550136500002180             000030000500002
4392401004081050000031                000010000500009
440500100185101760005420              000030000500002
4406201000040907400002250             000030000500002
446330100859107580001040              000140000500002
4477801000811050000034                000010000500009
44838010040201449000411               000880003500009
44937010010110235000545               000030000500002
4520801002601064000004                000010013500009
4520901006410051300004                000010004500009
456650100036107950005011.7/2.7        000030000500011
45687010067601088000545               000030000500002
456890100676010880005410              000030000500002
4569005005900006200010                000010000500002
4569202006830001800010218.8           000030000500002
4569302006831013400010                000010000500002
4569402006831042000010                000010000500002
45701010087710803000481500/15         000030000500002
4650701006291083900004                000010005100009
4652301000520110200054120             000030000500002
4652403000520110200054120             000030000500002
4652601000520110200054180             000030000500002
46746010023801425000542.5             000030000500002
467990300683000180005455              000030000500002
469740300328105180005450/1000         000030000500002
469750100328105180005450/850          000030000500002
470650100102011310005410              000030000500002
470660100102011310005420              000030000500002
470670100102011310005440              000030000500002
472110100180080240005410              000030000500002
4728901007841087900054                000010000500002
4740301007841004500054150             000030000500002
4786001000040196900054250             000030000500002
4786105000040196900054500             000030000500002
480140100036109020003168              000030000500023
48061010083710524000022.5/120         001100000500002
4847601009001092900003100             000140000500003
4851701000411093500003150             000030000500004
48671010003610938000542.5/1.5         000030000500002
488800100108109520000340              000220003100018
488810100108109520000360              000220003100018
4888201001081095200003120             000220003100018
4906901009071096100030100             000830000500006
4907001009071096100030150             000830000500006
4929002000590576400054250/25          000030000500002
4961101000380015800002250             000030000500002
4961203000380015800010250             000030000500002
4981001003281051800054100/1000        000030000500002
498110100328105180005450/1000         000030000500002
4990601005170722800054500             000030000500002
4990702005170722800054500             000030000500002
4990805005170722800054500             000030000500002
49909010051707228000541               000060000500002
49910030051707228000541               000060000500002
4991101005170722800016                000010001900002
4991201005170722800010                000010004300002
5014503000380015800002250             000030000500002
501540100108109520003080              000040000500017
5015501001081095200030120             000040000500017
5015601001081095200030150             000040000500017
5032801009221103100030                000010000500006
5062601003750119800003                000010000500006
5063901006001104500054100             000030000500002
506400100600110450005425              000030000500002
5086801006711106100054                000010000500002
5086903006711106100054                000010000500002
5088801000650053600010                000010004300002
5110401000980084600002100             000030000500002
5128901006001104500002400             000030000500002
5145401000380015800002200             000030000500002
516930101029003880005450              000030000500002
519160300188014060001010              000050002300002
5214301008591075800054100             000030000500002
521440100859107580000318              000140000500034
5224901000551114900054100             000030000500002
524330100041062260005410              000030000500002
524340300041062260005410              000030000500002
52435010010211143000545/10            000030000500002
524360100102111430005410/10           000030000500002
524370100102111430005420/10           000030000500002
52441010011000897000045               000020011300009
52442010011000897000045               000020012800009
