013240100508084920005420              000030000500002
01380010007306402000032               000140001500004
021730100185000150005425              000030000500002
021740100185000150000312.5            000140001200005
05061010004106992000032               000140002200004
0912101003060281000003500             000030000500017
09445010021008780000542               000030000500002
160030100185000150005475              001100000500002
176040100066069900000220              000030000500002
1887201003140438300054250             000030000500002
201350100059011080000310              000140002800006
215630300356011850005480/12.5         000030000500002
232200100314002830005450              000030000500002
239620100314005850005450              000030000500002
260030300066069900000220              000030000500002
283190100066069900000220              000030000500002
286830100159000580000320              000030000500004
319230100180010400005480              000030000500002
325560100055003960000350              000030000500004
331680100627009720005420              000030000500002
3439501000040024400054500             000030000500002
349250100314002830005450              000030000500002
3492601003140028300054100             000030000500002
349270100314005850005450              000030000500002
349290100073003980000310              000140001400004
3515003008000052800054100             000030000500002
3583501004600106500054                000010000500002
3583603000040024400054500             000030000500002
3598803000600662400054750             000030000500002
36001010005500209000541               000030000500002
3635401005840791800044                000010024200002
3758001008000052800054100             000030000500002
38128010006810046000030.05            000140002100004
3836401005840791800044                000010008700002
3836501005840791800044                000010008700002
3921501005400063700004                000010005800009
395240100055056760000310000           000080000500005
3993601005840791800044                000010024200002
3993801005840791800044                000010004900002
3993903003250791800044                000010004900002
3994001003250791800044                000010002500002
4014903003560118500054320/25          000030000500002
406170300406103360000275              000030000500002
4061801004061033600002150             000030000500002
4083803001801032300054160/5           000030000500002
4084003001801032300054160/10          000030000500002
40932010052608796000080.3             000880001400009
40933010058808804000080.3/0.1         000880001400009
42057010011201450000545               000030000500002
4205801005690004000054400             000030000500002
4205903005690004000054400             000030000500002
4208503001801032300054320/5           000030000500002
4278601005840791800044                000010005300002
4278701005840791800044                000010005300002
43482010003600964000542/0.035         000030000500002
435100100180103230005480/5            000030000500002
43903010004106992000544               000030000500002
43904010004106992000548               000030000500002
4445501000910051100010                000010005500002
44853010005901342000542.5             000030000500002
4521001003460791800044                000010002500002
4521101003460791800044                000010002500002
45331010032604804000035000            000080000500003
453330100095001020000375              000080000500003
453350100326037040000375/75           000080000500003
4536401000371001900010100             000140003600002
4567701005501079800054200/10/200      000030000500002
457310100676012510005425              000030000500002
457320300676012510005425              000030000500002
4573301006760125100054100             000030000500002
4573401006760125100054200             000030000500002
4573501006760125100054300             000030000500002
4586901003460791800044                000010004900001
4590401005840791800044                000010004900001
4592601005840791800044                000010002500002
4592701005840791800044                000010002500002
4592801005840791800044                000010002500002
4626401000830007600054                000010000500002
462650100384034380005410/200          000030000500002
4626601002450020300054200             000030000500002
4626701000240827800054250             000030000500002
4626901002110025600054300             000030000500002
4627003002110025600054300             000030000500002
4683901003250791800044                000010002500002
4684001005840791800044                000010004900002
474040100066006660005440              000030000500002
474250100066006660005420              000030000500002
4811001005840791800044                000010002500002
4811101005840791800044                000010002500002
4883201003260370400003150/150         000080000500003
49527010056901346000172               000030000500008
4952801008381029700054100             000030000500002
4952901008381029700054400             000030000500002
4981401003461087600010                000030000500002
49815010034610995000547/5/5           000030000500002
4981601003461099600054                000010000500002
4981701003460001100002                000010000500002
49818010034610995000023.5/7.5/7.5     000030000500002
4984101002231100100004                000010002500009
4984201006291100100004                000010004700009
4984301003671100000027                000010004800009
4993603000040067600010600/5           000050029700002
4996901005840791800044                000010004900001
5012101000551081400003100             000030000500001
5026901006861062900044                000010011200002
5064701005840791800044                000010002500002
5095301005840791800044                000010015100002
5095401005840791800044                000010015100002
5101101000910051100010                000010005500002
5101201000910093800010                000010006200002
51091010010810851000545               000030000500002
51645010075101483000028               001100000500002
516460100751014830000216              001100000500002
5216101000551109500054150             000030000500002
521730100055110950005425              000030000500002
5217401000551109500054100             000030000500002
5234903000551116400003100             000030000500034
5238701000551117500002250             000030000500002
5241801005840791800044                000010004900001
5241901005840791800044                000010008100002
524200100036046310005420/75           000040000500002
5242101001751118200059                000010000500010
5242201002531050100004                000010002300009
5242301010361063000004                000010002400009
5242401004121063000004                000010002400009
5242501002531050100004                000010004100009
